1111 11 ieri. ' 11

111111 111, 111 3111111111311 111 1111311 straten Europa's 111 111 1111111111113111111111
1111111 11111111 1111111311 111111111111 11111111 111 1111111111111111111 Freunde 11111111,
1111111111111111113111 11 1111111111, 11111311111311131111111 1111. 1111111311111111
1118111111111 1111111111 1282 1111 11111 111 111 111111111111111131111 113111111 werden, ein
3111111311111111111 11113111111111111111111311 111 31111111111 1111111113 11111111 111 11111111
111 11111111, 111 81111111 111 111111311 11111111 111 111111111113 111 auderet 1113111111111111111-
111111111111111, 11 1111111 11 11131111 111 1111 mehr ln 1111111111 111111111111111111111 11
1111 11111111 3111111111 hellen. 111111 11131111 31111111131111111118111111111 —- gemeinsamer
11111111 11111111 11111111111111111 311131111 1111111111111 1111111111 1111111111 1111111111 111
111111 1113111111 111 11 111111111- 111 111 11 11111311, da 111 11111113111111111111111111111
1111 111111111111111111111111111111111111111111 11111111 111 111111 1111111111 1111 11111111 111
1111111111, 111111111111 1111111131311 1111111111 1111 11111111111811111131111111111. Zu einer
Felrde 111113111111311 1111 111111 111111111113ς 1111 111111 marchen der 811111 1111 1111111
1111311311111. 11111 11111111111311111113 11111111 111 11111111 1118111111 1111111111, eine
11111111111111111111111 11111111111, 11111 111 1111111311 111 11111111 111 (lem 11111111 111011-
see 1111 11111111, 111111 31311 11111111 Satzungen 1111111111 311111, 11111 111611111111111
1111111111111111111), welches 111 1111 111111 11111 1113111111 1111111311, 11131111111111111111.
1111131 1111111111111111811111, 111 111 111 Campen 111111111111111111, 31131111 1111131311
1111111 unis 1111 1186 111311111111111 1111111111 11 weil, 111111 11111 [1131111111 1111111111111
111 011111 31111111 1111111311 11 111111. ¹) 1111111 111 111 111111111111 11111111111111 111111-
1111, welche 111 11111111 111 11131111 diesen Zweelr 1111 1111 111 111111 1111111111, 11111111
111111 aller Sehirrre 31311 11131111 11 1111111111111131111 1111111111 11111, elren 11 111 111113
1111111 111 1111111111111111111111113111, 11 1111111 111113 111111 ll. 111 11111311 111 1111111111-
1111111. 1) 1111 Verhllllnisse der 111111 1111131111 ’11111111 daher 11 11111111111111111111 111
111 Mille des 111111111311111,111111111111 111111 111111111118111113. Die privilegien 111111111
11111111113111 111 1111131111111131, 1111 11111111 311113113131 ,81111113111111 1111 11111113111111
im 111131, 1111111131 3111111, 111111111111-111111111111111311 111111 11111 11131111111111111111 1111
1111111113 111 privilegien held 111311131. 1111111 Sireiligleilen mil 111 1131111111 11 1111311,
111111 11 111111 1111111 111111111 111 11111111 1111111111 11 11131111 111111 11 11111111111311.
1111 11111111 1111111311 11111111 111 Zeilen 111113111111111111 1113111113) 5111111
111 ersten 111111 1111 111 1111111113 111311111 1111 111 111113 0111 111 1111111111111 1131111111
einen Plalz 1111 111111111111111 11 111 11111111 3131111111 8111811311 (311111 111 111 1111111111
111111111111 11 1111111111 1111111111 11111 11111111) 1113111111 11111, ⁴) 111 11111111 111111

¹) 1111111111 urkundenbuch. 11. 1. 111. 185 111 leli.

²) Slelre 111111 8111111111 11111111 1111111111, 111 lesi, 111117, 111 1111111. Τ. l. 11151
⁸) 11131. melre 1111111111 111111111111111. ’11,1.

⁴) ι. 111 1111111111111111131111111311. Τ1. 1. S. 1. 1111311111111111111111111111113111111811-
ellrllen: 11111131 (11111111), 11111113, Burgus (1111) 111 1111 (1111110111, opsloe, 1111 Burs lm sllrlllelen Nor-

 

