6166616 3666666 1166666 vnn Lnndon 1666. 115

1666661 666 des 816616-6666616166 Sir Edwnrd 6161616636661361 66136666666; 6666 61661 sn 31166113
6666 6661666616, welches 16166 1116666 66666 wollin, under 666 damnis 6616366666 winingen 161661161-
6663666166611616661666136666111666 163616366661166316166 66 6666116366. 16666666 361663 66
dem indigen Gesandren‚ 6666 inm der ξὲξέὲῑέ 3666161 winde, nnn 6611661666 16666166 vor dem
Ρ661666661666 6666661666, wo er 6666 616 666 6666661666 6666616666666616666166 66666 616 Verwei·
6663661666 61666616666166666-11661663, so wie 61666616116136Ρ66166ι666-1616, 66666666 auch die
6661136166661661666666663616, 661666 mit den 1166611661 1666166666 enge verknnpn‘gewesen sein
wind, 661 66166366 66161161 66116, dass 616 in 666 666666666666 811616616666 Pririiegien gemdss
666666611 werde, zn der 1161116663 666663, dass dns Pnrlnmeni 661 dern 11116136 nnn 61611661163663
666 6666166666 Ρ6161163166 66661166 61636. Es wurde vielsaeir im 16666 6663666666666, 6666
dienerinnen 66 6616666666 66166 36366 616 verbanden Monnpolien 666 6631166666 11666616366611-
66661166, 61666666 6166111 den 66666166161166 6666666666 1166666 6666 1661661166661 66636666166666
66116666. 1166 1113661666] 666 8166166166 1666 161666161116666166. 1111116666116666161 1166666 666
11661366 666 666Ρ1616366166 1666 6666666666661 nnn Cnerbnry‚ 666 66166616, 6666616 66666 666116613-
1116136 11616366, 1116166166, Philosoph und 1116166661, αΡ1616666 Don anon in einer Persnn‚” 661 6616
6161116616 6666616666, um durch 16666666666166 die 8111616 66 6666666666, 661 dem 1161666 66661116 1116
616 616111 666 6661 11116136, 6666666 anch von der 6631166666 Nerion 6666 3666666116161666666661611663
666 1666366166 66 11166, - 6166166666, welenem der Gesander, 66 6616 6161661666 11661661 616 811616
666616 61666616 6636666663 6616666666 66666666 gerne 66136366 1661666. 11166 666166 661 denr Wege
616 1666166 666 6666166666 666666666611 66661661 66 seben, 616 666 6616661666 666 11661366, 316166
6666666666366161116611616666 1611 6666111666, 6666616666 16666 66 661666, ,666 sinn der 1166616166-
113663 666 Ρ66166666166 66 6616161166, 6666 616 6666613663 666 66661666661163616366661166 11616616.
1166Ρ661666661 nnrwnrteie jedonn den 1166666 66166666 28. 1163661. 116 161 6166 666 66666616666663,
16 6616116661616166166666611666116666666 6666 616 6661666663 666 6666166666 11666616 616 1161661166
666 616666666666163663 66616631 ward, 666 666666666666, dass 61616166111616 666 8166166166 6666116661
wind, 6666 16616 816611 66611666 6661166666 661, 6161166666 6666 661661 werden, 6666 616 616 6666666661-
113161166611661366, 66616666 166 1166111 666366161161 16666, 661661 16 666111166 666 81661166 666 bei dem
66666666666661616666666 261166616616, 616 66616661 1161166. Da 666 616 6666666666 116611113663666
privilegien 616161166166 611 sich 1116666 661116, 66666 6661161666 6666661666 munde, 66661 66 616
6631166666 1166116616 6666666161 66666361666363661666 1166666166, werede 6666366366 nn 61666166
6666 rnnr Geheinen 1161666666661666661636166611 werden 11666166, so 6666666666 616 116666611616
661 1161666636 161663, 166666 Gesandren eine 36666666 1661666666 11666 616 1166616636 66 6611161166
6661666661166661166166666111166616, 66161166 661166 666 6616661666666616361166 611666661661166666
666366 6661666166 wnr, 66686116 66 36666. 1161. 1166616166 66366 sinn 6666 dem 11663, rrnr 66616111
661666 66116366 166 616 6666Μί66166 6166 6666666661166, 6666 dn, 666666616166611116116611666611661366
6666166666, 666 116666 6661166666116666 6661666616 immor mehr 6666661661, 66611666 666
66661666 mit dem Oberhause 61616 666161366 ward, die Biscndie 66666661 666666, 66 6666666666

61631161611646,166666)6161166666166 61661 66611 166666 36666 66 dassen, und 1116 616136 zen
16·Ι

 

