1⁵8 tlt. 11115 111151515511151 5551511111.

1551-1557. 55315511815111, 1115115555. tierrici 555 8111115 (8515151), magister
1511155. 11115151515151558118151551551,15515511111151. 81155 5511 S. 1117.

1557. 11511551511111511511, 115 15115111 55115111 cieri.

1551 Marcus 55351115, 515 1111515555 15 0111111315 35151111. ro wie 15550511 8515151.

1555. 1153. Adam Waehendorf‚ 515511111151115111511111151,51515115151111111111151
Cleri. 1557111111551115115115151515511155555551115111. 1587 5151511 11 111 8111511151
1115115113 ,10 ἰ, 15155 Woirnung betrug toi 555, 11151 5551 101· 15 15. 1115 ward 5155 111
551151 5115111131. 51515151591, 11111 15.

1555. 11511112551551551115511111351511555),11111111111511115111. 81155 Sar·
151151 5. 5. 0. S. 355, 377. 511511115511511115111. 1511571551580 111111551111111111·
111515 5511115111, 1587 511 1151515111151. 5111515 1589, 111119.

1557. (151515 55511115, schossmetster, 05511185515151 511 11155511115155551151,
1155155115111151. 11111511 1111 1557-1573 15 01115311 515 1111115511 51115111.

1559. 1153. 1551151 Brundi, secretarius. Vermuthiietr dem 01111115 515111 verrente, 155511
5515 95. S. 80 531, No. 22 111 50 geracii 151. .

1511 131. (imminenter, 85111151111551151111571 0155511115 51151501 1111151511,
dne 11115 seiae 51151513 ger zu 5551 1511111111. Es 511155 ihm 115 5005 1111151111.

1515. 1151511 5115151111. 15 0511153111 511 1111115515 5511115551.

1575. 05111 sillem. Desgieieiren. 51151 des 55551135185151515111111158111551 85511
159911 11555113 15151 51 der 81. Petri 1111551, 3115151511 1595.

1571. 55111111 octe, 150111531155111115515515151, 15 wie 1581 151115511151515.

1581. 55351511511155, 1151155155,11131111555. 5151115115111585155 5515115151·
Ami. 1590 ward er 511 Ceius 1151155153 mit 115115 5511111151 1005 111 11511111555113 zum
1111151551 51515111, jerioth 5511 5535115111. 81155 8111511111 5. 5. 0. 8121 131.

1585, December lii. tractim 11515555, 3151111547. Zu 515111151111511151 05515115
vom 1115151515 151551155111111511 heruteu, 1515 1155 3515155155 5115 1111551155-11115151-1151 mit
01551111111513115 5515151515 11 1511111115 gegeben 11511. 1587, September, 1151111111511151-
’ ¹meister-rimi. 5011115351.1.5151115155115555151. 1555 Sertorius 5. 5. 0. werd 1151115551
(dori irrig 1115115515) 55351151. ¹ “

1590. 815511155511515. 5551111555, 11111151 551111. 8115155115, 1511 1587 55111 5551511
15155155, 55553555 als 555155511111511 151 1111155111 5155115515. 11 01511351 511 1115111111
5111155151. ’

1591. 115551511535151551111111115. 815511551115115118.195. 111 11115 1111153111-
511551518155155111, 551 pergament ron Heinrich 1151151511 11551 3555515515 im taire 1595151 1595,
151 5131555131, 111515531151555 11555 mit 113555 1515515111515111511111511111551151551 1595
5135115111. 1111 111 ihm 555531115515 1115155153 551511 55511111 151 505 151 10013 ward im
5115155515 [teresse 1598 Trinitatis 51551 351155131, “theiis wegen 151 35115355 15115151, 151111 wit
551 15311151, 55 51511515 51513155511151115 0111111 51551111.”

 

