611 6161 3161166 1111666 166 166666 1666. 609

666 Coruinus, 166 16166661 eho 1618 661 ein 111611 6666Ι 11166611 gebracht scin wird, inr 6666611661 661
1661666661 16 111166. Ee 116166 66361 1616166111, 616 Vermittelung der 1111611361, welche 1611631666
¹ 61161611666116116, 1666616 611 Polou 663616666 worden, 6616666666. 1163166661 86111 1611 616 11661316
666 urtinchon 666 661661661116 11631666 66166 6616166161666 661666663 ihres Gegcnrnoudots 3611111161
hohen. Ι). 11616666.(16911, November 16), 1166136 1166666666 der 86611611663 661 8166166161, 1116
6166111366 16666 161 6611616116 (1691, October 69) gethan, ludeo 6666613161661363661616366
11666616161116616 6161 Stude ,161316 16666 sehr 6616 16 einero Schrcihen 166166161661, 86616613, 666
16 beiden deutschen sudreo 116166, 11611 661 1666616666, 1116661 hansischcn 11616616, 616 6631116666

’ 66666616, 1116 1161161 wieder nugularum, 666616 6666 6616 16 81616366, 661166 Nomen 616 166 661

666131616661661111666116666 6616116666 6666616. 8166161316 bcwthrte noch 616661 1616 Noch-
3166131161166116, 6611616 dem 1161166366 661 1166166,Ι 661 661 deutschen Bodcn 1616666616 16 1161166,
· 1111166113, 1616 1161666166 noch 8166166 6611161116. Dic hier unter 6616 11611616 661 1666616666 1161666166,
harmonicorum, 3611161166 66166666166366 (tutu, 66616116 611 durii 19) 3611116166 661
3611636 66611661Ι 661 81161361, 616161 66666 661 6. durii 16 8161666 616 86116666 166 dem 161 rehu Tagen
611613166 Τ66666111161316 vcrhuodet word. Sciron 6616611366 661 11666136 866161111 661 8116166166
Heinrich Douutorf den 11616, 666 661163 116366 116666161166311636616161116666 6661666 166 den
161116661113166166 1666666666611616666166366 666161611111163166 16 1166666 666 616 36611136 Ge·
1636666666116166661161366316116611. 1661161166, 66 66613616616111 wieder iu den 866111 661
8166166161 16 36166366. 6666611 61161116 6166 dtr 61616 6611661, Brcmcn 6636366. hu 11616666 Thron-
11666161 111 61661 jede Art 166 1166666366 36116166 3611661161 1166 6161 166166 661 so mehr einiger
Ground, 66 6613111166 6636616611166166, hurd Burghiey‚ 6161636 661611 661 166 ihm 1611131166
6616166666 8111166663 661 8166166166161166166661161 (1668, 6636116) 666 661 66311166611611 1616

1111161166 66 666 66166661 16166161611 666 anderen Monopoiisten dcutiich 66 den Tng zu 16366 116616. ι

Unter deur 161611 616161166161116611666166 616116616161616 666616136166166 1. 616 8611161666, 661
welches 616661 jedoch nicht antwurtete. 11666 61661 61 1166 36366 11616611166611, 616 16 816666 66-
161616666666 661616666166366. durch scinco 66166666816616 1616661111 61666616. 661 16661166 661
1161161166666 16 666666 11616 1866, Mirr 16, 1116661661616 66661 866161666 66 666 111613 166 666
6661666666 61166166, 16 11616666 616 1636 666 661· 1116111663 6616616666666666 Streitigheiten sehr
66161611116611111611 116166. 816 6616666161866161666 word 6666 6116681116 jener Zeitrou 666 116616-
1116166 66 661 6661611 1611166666 1611661661 36666161, 61116616 8616666, 616 86666 661 1166166 deur

11661361166166166 und die 8611663663 der durch 11616· 6111161666 11166116 666 6118161 61166666 11666611- ’
11616611 666 1116163166 66616616 zu 1161166. 1166611616 3166616163 616 1616611663 61661 6161616666
Gosondtechnh 6666 81666616, 11631666 666 8166116166 6616616666, 66 11616666 111611 6666166 1666611 ”
66166666 Syudicus 111.-161611ιὶ16661 und Senator Heinrich 816166, 11666613 durch 616116161661166
Hieronymus 7636161 666 1151161166 ooo 8613611, (11116 66166 666 861361666161 ,16661111 86161161
1166 61. 1611666 11166661 ooo 6166166113, 666 816666 durch deu syndicus totino 6161111113 666

¹) 116 6666666166 616 811661. 86116116 e. 6. 6. 1111166116

 

