2. 1133133313135131111131331333. 165'

einen 113311313311313 1113111 113 1111· 313 1133311331 33113313, welches Geld 113 133 31133 3331
33331313331331131331333 1133311333 3311333131 werden 331113, 33333333 jener die 133331333 13333-
3131331133. Der 1113133 133313 dore 3131 33113331313 13311333 331331331313133, 13113 33 3133
13 113331313133 33 3111313 11113133 11131111· 113333 3333131131. 13 33131333 1313313 3313313313133
133133113333331333131131 33 3313. 11331 131133 113 8111113 1133133113 33 dem Hense 33 113133
3331 31311 3313333133, 13 313 deenen 133133 133113 33113113133333 3111 13333 133 8131113133 33
133133 ’3311331133333 33 Lynn dunen die ’33 111313 charles 11. 13113113 16111 331131333 113331111-
331311 13 13333331 nahmen.

2. Der 133313313 81311131 33 hynn.

131111, welches 31313333 131313313313 1131333113 133 (1333113113133 11331313 3133 31311
331313313313 13113 33331311 131, 11331 13 133 (1331331311113313111, 13 333 13311333 033313 3133113311
133 11331333, 3133333131133 133133133113331313333, 13311331333, 3131 31313331 113 3133 1331 11331313
133 1133313133113133 5131111111( 313 133 1131333 Lynn Episcopi, 3311 133131333311331313 1113133
331131133, 1331311333 Lynn 113313. Die Hendelsbeziehnngen 113333 sende 13133 33133 11333113331 1133
11313313113313333 13333131 331133133311 13313333. 1311311 1313333333133133 11313333333 333313131
113333 031 13 131333 3111133133 3133 11331313-11331111313333. 11331 3313313 1313333133 Regienungs·
janne 133 11131333 131333 1331331133 3311 1331311113331333 33133 133 1133333, 1133311313 331
33133331311111313333311331331113133113111313, 33313133 1331111313 13113133 111111, 131111, 3311311313,
1333 33 31133 11313133 1133133133 1113 3131 331 11331133333 31313133 (131311 33113113, 33 wie denselben
1313133, 3313133113 1331331313313313 13 133113113311 133 13331133 3333333311 1131331333
3311133 33131131 113313 1331 1311111133 1131333 33 1333 [3333313133331113 1331313133 63133113
3331 1133133333 3313331 133 1331333113 331313333 1333331331311133133 31311311 131131333. 13131131(
11313113113113113133331313 3333133 31311 331133 gegeben. 1203 31113111311313131333 1331 313131-
133333133 11331313 3331333131133 113311, 313331311333111311333 11313313 1333 11313331 131133
33133333, 33133 313331131331313 33133 1331131133 31331133133 613133 333 1333131331 1133131311
133 (1313311333133 81311 133133. 113 folgenden 13133 11114, 13333317, 33131 133 111313 33111113 .
133 1113313133 333 11333113113311331133 (ville) 33 31333 113133 81311 (liberum 1333331), 1311311111131
1331133113 133 3313311331113313133 331 1331133133 3331333131. 113311333133311333133 3133133,
3313133333 33113131133 133 1113313133, 1131331131331113333331333 3333311311, 1131331333 133
11333 011331 11333 31113111, 3331 133 13311313311133113133133133 111113, 33313131 ward 11333 33
11333133 3331133333, 1333 3133 13313133 1133133133 1311313133331131311 333 13113311, 3313 1331331133
331 333 1111311311 3333131133 33113. ⁹) Die [13133133 133 33313133131330111131.) 33311333

¹) 1131311 (1113111333 13 13331 1331133331. 1.1. 111111.
²) 1111133131118, 118, 11811.

 

