1111 1111, 1111117.

. 11111 111 1111111 1111111 1111111 1111111111 111111 111111 111 1111111111 11111111 111 11111
of 1111111111, 111111 6111111111 Τ1111111111111,1111118111111111,11111111111111.111111 1111,
were gyven 11 111 1111111111 11111 111111 111 111111 1111111111 11 nomme 11 1111111111, 11111-
111111 111111111111111111111111 11 a 11111 111111 11 ,111111 11111111 111 11111111111111111 1111
liii‘.h 111 11111111111111111 111111 111 xliiii 111111111 reign 11111 11111 1111 11111111
111 ilil‘.h ‚ . , -

111 1111111 1111111111 1111 1111 1111111 111 sebe 11111 right 111111111 1111111111111 1111
1111111111 11111, 1111111111 1111111. that 11111 11, 111111 11 111 11 Thomas 11111111, 11111 11 saint
11111111111111111 1111111111) 111 Thomas 111111 1111111, 11111111 11 1111111111 with oure 11111
11111 1111111111 111111, 1) 111 111 Thomas 1111111111 1111111. 8)

chl. 1111111111 111111 1111111111 111-111 Genetiva-Tasci, 11111111111111
11111111 1111111. 1513, 1111111 17. ⁴)

11 Gades 1111111 Amani 11111111, 1111 111 111111ο 11111111, 111 11111111 111 mantes
1111111 111 1111111 11111111 111 111 11111111 1111111 11111111 11111 111111 1111111 111 pronti 1111111
1111111111111111111111111111111111111111 gande, 11111111 111 ok vor eine 111 1111111111
1111111111111, 1111111111 11111111 1111111111 1111111111, 1111 1111111111) imi 111 111111
1111111111 1111111 1111111111111111111111, 11 11111 in 1111111111 1111111111 1111111111, 1111111
1111 111111. ·

0111111111 dor 11111 11111 111 1111 1111111111111111 mit 1111 111111 11. 111 11111111. ⁶)

11111 inprimis is geordinerei 111 11111111, 1111111111, he 11 1111111111 11111111, 1111111111
genie vp 11 1111111111, 11 11 11 111111 111 1111111111. vid 11 1111 hides olamans 111111 einen
1111111111, 11111111 de 11111111 1111 1111111 111 1111111111 1111111 vni 11 111 11111 1111, 11111
11111111 gnada 111111111 to 11111111111111111 vi 11 vm 111. .

Oi 111111 11111 1111111 11111 1111111111111 1111111 1111 1111111 1111 11111, 111 1111111
11 1111111111.

11111 1111111111 11 111 hoger 111111 1111111111) 1111111, 111111111111111111111111111111
1118)(11111111 111, 111· 11 1111111111 1111111111, 111 1111111111111111111111 1111 11111111)

¹) Tiamaa 11111111 1111 1111 15111 Prior 111 1111111111 1110111111 8111111111 111 Jerusalem, 111 (1111111-
1111 1111111111 1111111. 1111111. Anguem. T. vl. 11799. 1511 1111111111 11 111 1111111111 111111 1111111111.
1111 iem 1111111111 1111111111 iouis 11 Praei einen 111 111111 11111111 1111111111111111111111 111 1111111111
111 11111111 1111111. ²) sir Thomas 111111 11 111 1111111111111 Wiirdo 111111111111 11111 111 1111111111
11111111111111111111111111111. in 111111111111 111111111111111111111 1511 1111 111 111 ionem 1111-
1111111 81111111 111 11111111111111111 1111111 111 anien 111 Sumen. 81111 Rima Ml. 111. 1111 ³) Sir
1111111 1111111111 11111 1111 15111 1111111 111 mr.

⁸) 111 1111111111111111111111111111111111111111. 111111 1111. ³) 8111111111, 11111111, 1111 lios:
1111111111 11111111 11111111. ⁸) 11111111, 1111111111, 11111111111111. 11111131111111111111111111111111.

, 0111 1111111111 111 1111 1111111111 111 m, mimi: 1111111. 1111111 11111111 11111111 1111 11111111111111.
’ 111111111111118.1111111111,1111111111111111111111111111111. Ι)11111111.118. 11111111. 111.

 

