6. Des 11113 33131113 333 1111113333 1133 mit 1313 81111113. 69

113113 111. ¹] 1417, 113111, 1131133333 131 Prior dieses 1133311313, 13111333 333 11113, n) 131 1311313-
3311 11331131 1311 131 Wertte und 31131 111311131331, welche 11313131 13311313311113311 Wnrtaw
1331131131 waren, wie in dem Testamente des W. Stattnrd 31313113 14101311311313131, nunmetrr
311 11331111 33131313 13133, 3131 ’113 13113113 lbos, 113 113113 331 1111111131, 31 131 111333,
1131111111 331 1113111313813131311333313311, Sohn 1331111133 Reynewelt, welches im 13113 1411
11131111, 1416 Meyer 333 111113 33333333 wer. θ)

1131 diesem tetzteren 11313333 werden 1131133113131 6311113 1333131131313 1313331 11 Wende·
gnyne (1111133333)1313, 113 3113331 11331331313 11131 11311333, 11 1331113333, 131111331131 113
Norden 33 113 1311113 31131 des 111311 6331133133, ι13131133 111333331131 1311 1133331331 31133311,
im Sttden 313 Uter des 11313331331133, 131 1133113 3331 33133131 133 (13111131 133 vnrgenennten
1111 1133133331 im Osten und der 1131113131 1133333 Wendegayne 1313 113 1133133. 111333 Gebttnde
des 1113333111 schemen 13113 331333 13 3311, 313 113 111331 113111 133 Windgose 1313 111
13131113 311 131331133. 1311 1331331311 11311133 33113 1133113 33 31313111133111 1133313313-
311111333, 1313331131 ‘anch 31 131 1133 131313113133, 311 Witttam Gerrhos, Wilb’nm Abrabam, 1313
11311133, tote 0313113, 1313 Gyffnrd und thttam Stnfford im dabre 1441, 113119, 31131 3111333
11 33113113313133113 rem 18. September 1443 31133 131311113131133131333313. Es wind 3111111333
13313133 1331. 1331313311 131133 11 1313 1331333113 333311133131 113133133113 33313333 3313, 1333
331 16. November desselben 131133 3133 031313131133 333333 dieser 31331 1311 1111133 1113131111.
3113131 3313113133 113331 3133311331, 3131133113111313113311111111 1311. 1311333111 133133313331
war, 3131313313313131 werde. Der 1313133131113 W. Stnfford 3313331313 131 3113131331113311313131
(1311113111 113111333 313, was die uns 31113331133 (1311113 mit der werbe 13111111, 111 immer der
Stadt 111131, 311 13331 111631313131131331133133-83113133, 3313133111331131 113131 113311
8011133 3311333331 13113.

1474, December 8, 113111131311311 313 111113 ,311 11333, 3313331 13 81313111 3133 13
8131333331 33131 anderen 1111313133 11163113131 im 3333333 111313113131113111311331 13111133 13
131 1131133313333, 31 131, rom 1111133 1133311 tv. bei 3313313 13313311333111113 3111 Grnsen 313
Essem erhobenen fleury, bis 13113 113311 3311111331131, 3333133131311113113133 &memnonem
11111311. Say und 11131111 Fontes, 1111313133 11313131 1331333331113131313331334) 33333 3113

¹) 0313311113311331131131313 postmortem. 1. 11. 3198. 1134411 11113333 1313 31 111 311 311313 13
11113333ῃὶ113. 133133 13 perdente 03131331 sanctornm ed 133113 113333113111113 1113133 street 3131 313313 31 31111
pertinentiis tbtdem.

²) 1313 13 merny 3131 3313 nonnette. 11313111. 1. 704 genennt

³) 1131133. 1. 0. S. 511 13131 13311133 1131311 131 31333 1131333111311131131, S· 116 eber thttnm
1131333311113311131131, 31313 1333131 11111113 rem 11113 14111 11311 131 113111311313311313 133 1445 (1 1443)
131313113333111333 13 1311113313 st. 1111111, 1111133331311131, 3313133111113 33 etn 313133133311313 13331311
nnete. 13 1311131331 0113131311 1111313331133311311131 1311311113113311131131, 11131 33133 1111131 11113333
113131 3313133133 1331131133.

. ⁴) 1311133133313133133811113131. 11311313111333133113113131133 113113131111113131131133
8111111111 1113133 rem 11113 1475, nn s, '

 

