28 S 3. Die 1114144 81414144

81414144444144114114 au 444444 4444441) 1111441144414 1414444144, 4444 414114444 1411 414441
141444411144414144144441434441144441 zusammen, noch 414 8411134144144414111144 44144 4411. 1444
44114 414 114444 444 441441 Stude 14 414 1141444 441 Wanren an 41444441141144444441144444 senden‚
ausser Wein, Bier und 1141143 (siche 111. Χ. 3411111141, 44144 144144144144 in 11444144 1141444444
’ 44344411311111144.1)

Mic 441 1444444441 441 im 14414 1437 41144444·44114114414443 441 1434 4434444444
1411444144344 3434411411344 4444144444 Gesandten 1141444 414 1114111344 14414444344 14 1414144443
gebracht, mit 41414444 444414 alte Sanmlnng 441 81414144 444 44111344 (1114114114 4141441 wind. Duch
114441 sich 4141 111144141144 4441411 1487 44414111447, 414 11111414, 11414141 4444 14 anderen 14-
44411144 4144 34114444 141. 1)

Es 114144 4414414 44441144444, 4444 441 1114141444, 41141 141411141444 4444 Menneu 444444
41441111441144441114444 ahjahrlich neu 41114111 werden 4411144, um gemeinschahhch einen 11414 zu
bilden. Diese Eintheilung in 1111114114 1141 4141344 4444144444 1414141144 4134414441144 4443143 41441
aon 41441114144114434411444444414 44141 4144 4414441444414344 444, 4444414 4441144414 4144
314144444413414114411443 444 1114144444 441 444 444 1414441444444 1144444114144 anwesenden 14414414
1414441144144 44114114114414 444 14141441, 1114441 4414144 344414441411114444143414344441144.
841114 14 4414444 141144 144131144 414 41414444 8114444444144144144441444, 44 haue 414 1444443441
143414344141144 4441 141411 14 414 1111444441 14111113 4411114144 anwesenden 14414414 444 4141344
144444141144 81114144 34141144 1114444. 114114114411143 14 11111144114444144414114 11141144114344141-
1414 4144 14 jedena 14444 4444 dem Venhahnisse‚ 14 114144414 41414414414 441 einzelnen 114444414414
44444144 144441144 444 444414 4144 4444144 mit 441144441441 aud 4114 34441144111444141441141444 444
4141111414443 34441444441114441 1111443144 zusammen 141144, 4444 44144 4441441441 4441434444
444144144 34444444 44 4414. 4) 14 Wishy und 14 Bergan 141144411414411443 41411 nachzuwcisen.
11414114411443 441 1141 Schldssel zu 441 St. 1414141414 14 441811411441111444 44111441, deren 414
411441444434144418114 gedeuld, 111441 441 44144 1141441443 44114414141 4441144444, 11444 jene an
41414414144444 144 64141444, 1111441, Sues! 444 1141114444 14114414 1141444. 144444 14444 1111
4144 441444 11141441144314 11111334 4414114 im Jahn 1347, 1141444411 anit 444 wendischen 444 sachsischen
51114144 4444141411111144114114414 whence, 4411441441 Weise verbunden mit Pnenssen‚ 114114 wic
1141141411414 1441444443 441 deutschen eouonisun 14 444 5144144 444 1141414144 Laudes zn 41144444
14144, 44114 11141141 14111414 44 4418141144, 4441114114, 444 eathland 4111 4111444 444 Schweden (1) 444

W

¹) Β4411414144344,441444 141444 14414444 4141 44414444, hehe ich 4441 14414411 1411341441414 1141441444
collection de 1414 1441144144. 1-11. n.

²) Sc 1417, 1418. 81444 1441444114 1. 1. 14414419.

³) 1144 41114441 414444 444 114114141431444 4111411414 1147. 1144441444 141444141141441. 14417. hie
14144144434441414441444 (144144144414 1437 4114441414 im 14414 144714144444 44114444 4414 11444144, 1114411431
sich dndnrch, 4444 der 411341441414111444144 4414 11414 4414114 luca 1414141444 ist.

⁴) 1114444414 1444114414 441 deutschen 111444 Th. 1. 8. uu, 44, 81.

 

