111 γ 2. 1111 1111141141 811141141111411141.

8111111414 1411111 14111141411111441411111111111111411. 111134411141111411114, 1141 111
1111114414 111 11411114 111 111144 144131111111114411141 111 11111114411111, 11111411 william 111144,
4111411111 14111111 (14144411 411 14141411 111111111141141111 11111141. 111414 14114 1411141111
11444 (11144114 444 1111 141114 141 11144184111111411111 111111 141141, 1441 141111 1111 11 ’111
11144114 {ragam 11414111 4111111144 111411114114114 1111144 44111114441141114114144441 11414 411·
141114134411411 4111114111111144 14141 8411114141 1141111111 margareta, 1111441111111 william
1111111111, 11411411441441 111411111141 14 141144; Simon, 1114141114 1411 1411114411 4111111111
1411411411 111 11441 1111144141 margareta. Der 144431144114143411411111411 1111111111 44141 1411,
141124, 44111111 1141414311 1144111. 11411 4111111 111111 1434 1111111411 1411 11114441 111 11111
11111144 1111411114 1114111414 1114 1114114 41141114141 11141111, (141141 411 1114111111 1111111
111141141111 ihren Soha 1114411 11111141, 11111411 11114441, (1111141144 444 11141414411411411411,
111 4111114111 114141 1441411114 1411 corf 144 sarnay, 1141141 11441111114111, 1111441 (11114411
1114841111, 111 4111 11141141 (1411111144 1141111 1114111 411 141(14111141441114111411111111411.
1446, 1141114141 44, 111111141 114111411111 (14141111 1441 william 141141141, 14111111141111113414414,
11111414 1111111, 111141 01144411 111 1141411 1111111, 411414111411141114114 14 414 1111414 (11111-
11111111 4411 11441 14411111 1141114411.
‚ 111411114114114411111 wir diesen 444 41111111111 1411 14141411181111111111114 1411411
1441411141 (11111411411111411144114111 gagen 8141141 111114, 14144 1111111, 1411114111111111411
william 114114, 1141111 14141 41114 1411, 1111111111, 413414411411111 141141411411111, 11411111
111 141141 11114111 gagen ampaageae 11444111 1111181141 1114141 111 1111111111 mannaan 411
1444114144 44111114114144411 411141144114144 111111 411 1411414144 (1141141411 41414144
1111 1141141111111 14411114111111111 11111 11111 411411 1144941141, 141111 (1468) 11111 3444414 111414
11 4144414414. 1411111116, 41111141 411111111441, 111144141411141114114441, 444 1111111111
1411 Pocula, 4111111411 (1411111111111141 111141, 4111111111114-1414 1414144111 411. 11144114 141
111 1111141 4111111411 141 14411411 1111144, 11111411 414 8111111414 1144114141 414111 (1111141411
1111111111 1414111411114111114, Thomna 1111414141, (imflammat-(gracum, 11111 za 141141,
’1114141 11141111, 11111141 (1141411), 441 Thomas 1411411, 141111 11 1111 1111141114 1411111111111
1111414441 1411, apra 14, 1111111141111111144 1114114 44 (1411111 111141111441141. 1111141114114
11111 1141441111 14144141, 1141114144 441414 1141411 111111144111141 111 1111111141 ganan
11441τί11444 11111 1411 (11111141, 1141, (141111, 1414111144 11141411, 11111411, 81111411(4411111)111
11141114111411111 111141 111144 111119 1111411 11. 111 111144 111111.

14 laage 111 14144111111444 111 141 vocam zu 11114411 4414 1114111474 1111111111 111
aaa-ig 111 siah 141 14144 111111 1111111111 111. 141111471111 4431114111111111 41111 11141 11111111
444 41111411444411141 411 1111111141 411 11111114 144111111111114111 111 4111411111 111114, 1111111
141414141111111141 11111441114111411414, 1141411 111 1111114114 41144141 11111111, 441 ihm
Naahrolgern. 1141 1414114144 14441 4111 11 144411411414 811111141141114, 14111 141 4111441111
1111111111 1111111414 ’114111 14414 (1111141111 41114111 1111141. 14411111 bynu 11114111 1141111, 141
1411111 11 41114141, wana 1111411141 1114111144111114111111 1111114441 1111 11441144111111.

 

