146 Ι S 11· 111 1111311 1111111111 111111111111118111111111.

“An 111 6111111111 111 1111111 0111111111 133 11111. 11. 11111 111111 1111 0111111111 11
1111111111 lf 1311. 81.”

111 1111 111 hier 11111 1111111, dass 111 1111111113 111 11111111 111111 dom 11111111 1111111111.
= 111 111 1111 111 1111111111111 seim, 1111 dieses 111111 111 6111111111 sesemen, 1111111111-
1111111 11111 1111111 11111 111 1616 311111111111111 1111111, 11 1111 11111 11111 wie 1111111 mit
ihren 1111111 1111111 111316111111111. 1111111111 lfflo 11 11111111 1111111111111111 1111111111
11111 1111 Gesammtbetrage von ΒΞ 111. 1113111111, 111111 1111 111 6111118 11· 1611. 11., auch
1111111111 11111311, 111 11 1111111111 111 1111311 111111111111111111113 1131111111 11113113 8111. 11. ’
1111111 111111.

11111111 1 ί 1111. 111111 11111111 6111111111 1111111111 md, 111111· 1111111111 11111 111
111113 11 111 1111111311 1111111111, 1111111 1111 1111 111 111111 11131 1111311111 61111111 111
1Ξ’11 11. 61, 1111111111111111111111311 11111 6111111111 1111111 111111131111 11111. 1111161111
1111 11111111 1111 11111 1111111 111 16111 13 11. 111. 1111 11111111 111 11111111 81³1. 111 mi
Quieungen, 1111111, welche 111 111113 111 111111 11111111616111 111 11111111 111 11111111 11111111
11111111611111111(96 677) bezog. W1r 1111111 11111111111111 sohon 11111811111111-111111111
111111111611 mit folgenden 1111111111111111111311 1111111111 1111 11111, 11 1111 111 111
1111. 11111. doch 1111111111 11111 1111 3111111 11111, 111 11111111 34ss 111 1111111 1111111. 11111111
1111811 1111 11111111 11111111 16 w 1111 1111111111 1111 11111 1611 81111 11111111 1111 eine 111·
1111111115, 111111 111 diesen Postea 1111111 1111 111 11111111 “Nom 1111 111 0111111111 wago& (111
1111111 1111111111111 8111111111.” ’

Die 1111 1111111 1111 1111111111 111 1111111 11111111111111111111111 1111 1111111 auch
jem noch 1111111, 111111 11 11111 6111111111, welche in dunelm 111111, 1111 111 1111111111 1111
111811111111111111111111 111. 1111 11111 1111111111111111111 111 0111111111 11111119111111,
1111 seit 1711111111 man 111 nach 1111111111 1111111111111111111111. 11111111111111111-1111111
11311111 11111111 1111111111

11111111111111111111 11111111 0111111111, 11111111 111 1111. 111 11 11111 41. Zu-
sammon: 836 811141. 11 111111 11111111 ami: 1611. 11. 1111111111ί 1811. 11 Dm
1611110111111111. 1116111111 ΒΞ - 11. 11.

1111 111 11111111 111 1111 8111111131111.1“, 1111 11111111 111 111111311111111111111
ist, 1111131 111 01111111 Μ’ 1611. 81. 1111181111 11111 11111 1111 11111 1111111111 1111
111 sie in 111 111111 eines 1111111111, 1111111111 11 1113111111 111111111111111111113 111
charles 1., gelangt. 81111111 3131111111 1111111111 11111111 811181 1111111111111111 111111
1111111.

1111131111 1111111 1111, 1111111111011111111 311111 11111111, 1111 1111111 11111111111111 ,

11111 1111 1111111 31111 11111111111111 1111111111111118111111111 11111111. 111111 111111 111111
durch 1111111111 111111111111111131111111113111111111, 1111 111 111111 1111111111111111111111 111
1111311111 1111111111111-61111111, 111 1111111111 1116111111 eines vor 1111111 11111111111111-
11111111 geschlossenen, 111 11311111111111111111. 111111 nemen sind 111311 nicht 11111 11 1111111111

 

