1³20—1460. ' · 123

1111111 1111 vorgesehreuen 111111111111, 111111111111111111 111111 by 11 were, 11 111111 11 111
11111111111111111111 1111111111 nemen 111111111111111111111 111111 111 marc 1111111, 111
111 by langen tideo 11111 111111 111111111111 geordeneret is.

11111 111111111111, 111111111111111111 111111 Hense borgers syn 111 11 11 Hense 11-
11111, 11 mogon ere kopeneehop 111 111 11111111111 eo vorgeseeeuen steit.

11111, 8111111111 11111111 1111111 1ο 11111111.

11111 1111111 1111111 1111111111 111 111 11111111 11111111111111111, 111 111 1111 1111111111
den 11111111 111 111111, 111111111111111111111111111) 111 guden, 1111111 11111 111 11111 111111,
1111 1111111111. 111 en seha! 1111111111111 eyn, 111111111111111111111111111111 11111111111 111111
111 1111111. 1111 1111 11 1113111111111, 11 111111 1111111111131 111 neuen werden syn. 1111111111,
111111111111111111 11111111111111,11111111 1111 1ο 111 1111111111 1111111111 1111111111 so 1111 111
111111 111111 11111)

1111. 111 111111 9111 ιο 111111.

11111 werel, 11111111 men in 11 Hense 111111111 11111 bergen 111 111111111 3111111111-
derleggenge 111111, wan 11 111 111111111111 wil, 11 11111 11 111 111111 11111 111111 111 111111-
derleggenge 1111111111111111111, 111 111 11111111111111111 111 1111 11111111 111 111 1111111111111
sy. 11111111111111 1111 111 1111111111, eo 111111 111 11 11111 1111111111 1111111111 1111111111,
1111 were dat it 11111 1111 111 11111111, 111111 11 111 11111, alsede 11111 111 111111, 11111 11 11111
111111. =

1111 Men 11111111 9111111111 1111111111) 91111111.
1111111 11 111111 gen 1111 111 1111111111 31111111111111111111 111 11111, 11 1111 111 gude.
111 1111111111, de 111111 men 1111111 an ere hogeete 111 1111111111 111 schel 11111111 111111 ge-
111111 111111. 1111111111 11111111 1111111111, ⁴) 1ο 11 1111111111 1111111111, men 111 11111 11 11-
11111111111111 111111 1111 11111 11 1111)
1111. Van 1111111111 11191 1111 1111111111.

11111 111111111 111111 11 111 111111 11111111 111 borgee-e 111111111111, 11 111 11111111
11111111111111 111 1111111111 11111111, 111 111111 1111111111 1111111 111 1111111111 wege 111 111111
111111, 1111111111 1111111111111111111 11111111 1111111111111111111111, eo hebben 1111111111 11111
111 1111111111 1111111111111 1111111111 111 11111111, 111 111111 111111 1113111111 11111111 11111 iu·
1111111111 1111111111 iegens 11111 11111111 11111111111111111111 11111 11111111111111111111, 1ο1111
11111111 111111 mee 1111111 11111111 hebben ere 11 111 11111111 1111111111, 111 111111 gut 111111
111 111111111111111111111111 11111 11111111111, 1111 1111111111 1 11111 goldes 111 stad, de 11
1111111 1111111. 111 111 1111111111111111111111111111111111111111111 hebben 111 11 111ο
3111111111, wan 111111 1111111.

¹) 1111- 111111111111111118. ²) 11111111 111 dem 1111111111 11111111 1111111111 11111113,
111 111111113111111111111111 811111 1111111111111111 11111111111111111. 111. 11171. ¹) 8111111111. MS.
⁴) 1111111111. MS· ⁸) 1111111111111111111111111111111111111111111111111171119, 1111111111
1111111111 1111111 11111111 vom 11111 111811111111111111 1111111111111 1. 1. 1111. 1111, 111.

11· ,

 

