76 145⁰, 0011011001ἳὶ 1130. ¹

001 30110000100 00010 00130000101 101 000 hosen, 00 11 0011101001 01110001. 10011110 0001011101, Ι

00111000101000 010100 0100100 0000 001001 011100 001 0101001 001 010001, so 0010001 00 010
1111111 01011. 001 10 100 101010000 001 1101001100 XL 0, 010000 1110101010 01111 0, 101 01011011
001000 0110100100001010000100100 1000 00 0111011110 301010, 01111001001, 00 010 00 1101101 ·
30003011 0011. 10010110 0001111101 001111 01000101001000 0011030 11001 30000 1000 0010100 00
0001001 00 01011 willon, so 101101 00110 00003010011) 11011000000011010011010111 00 001 1101
1100 0101000 011 001 00001 000 001100 31001001110 010 1010011011ἰο 00 013010000 31110000, 001
01011 001 300 30111001 010 001101. Des worden 30001100 0101101101, 00 100 dom 1001030 10000110
1111) 01000 0010300 001010100. 0001110100 0101 ³) 00 1011011 mon 0000100 110 001001 0000 111-
0011. 'Vnd 00111 00110130001 011 disse 0010 101 0011101301, 101010010100100111001001101000, 00
001 011310, 001 110 30100100, 30111001 100 1011011 0100, 110 1100001 001011 110 10110301 00010100
000011 0111101. Vnd 0110 000 1011100001 111 010103300 00 310101οε1 100 1001, 00 00 01001 000 001001
0000 110010 010 0000 11) 00 1101 10 00110· 000 10110300 100 010011 011030, ⁴) 100 00000 11011000,
· 1100000001 000 31101 0111001 01001101000 100 hebben, so' worden 001 3010111101 000110 000100
1000, 001011 001010010110 00000000110101001 000, 010 ganeo 00101101 1⁰ moro 0131. 11001 01
0000030 0000 01 100010, 000001 01010001 11101 0111101. 0011100010 100010 0101 3030001 100 30-
003011 0100110 0101301, 101010011ηο 0100111001 101 001001, deo 00 10010101 10 31001 0011111030
0101010011. ’ ’

’ xciv. 1100000 00110 01100011 0010011ωοὶ100 1101ιο001101οζ ’
11450, September 21 11311. ⁵) '¹

Wyolik 01, 001 indeo 10101 11000 1110101 0100001. 001001 Apostoli 00 001110001130110000001-
0000001001 30110101 01000 000 001 00100000 110100 011001 00101001 01001010 00300 1013000011
weron, 01110100 01 0001 10 001101001010010, 0100101 0010010010110001001110, 000101 io 0011
3001011100100010 0100 01 30010110 1100101 001 0100 001001 100 11100100 11011101 01011030, borgo-mester
0000 Daniel 01000, 10001011 001 800110001ιὰ0 001 0111 0101010100, 10011011 100001 11’0“01001001Ρο101
101100001300111001011 001 110100001000010010100110, 10010001 001 0101. 0101010, 000101011101 001
01001011001110101030011100 0100 001 0001010 0000101, 0013001100101. 0011000 11001010 0003001 100
Ρ101100 1100000 101000 0030100101001001 000 000 010300, 00130010100101 000 0010, 0100 00110000
1111300100, 1001101 001 1100001001 101 0011101000 001· 8110100100101, 10001011 101 810010 0011101-
quood 1000010010, 0013001100101, 0000 001 11101. 000 000011, 10011001 000 0001100000 0010101.
Son-odeo, 10011011 001 00100010 00111101. 0010, 1111001011 101 1101010οι 001 11111. 8101101001, 10011011

¹) 0000130001. HS. ²) 01. MS· ³) 01. HS· ⁴) 011000. HS.

⁵) 100 (1010 01101010011010 0111110301. 11110001. 001. 10, 1100 01001 1111 000 100111 Professor 1110001000
31111301 (0030100111οο 10000110. Do dieser 1100000 010001 0130011011101, 00 0100 100 010 1011301, 0131110 1100100-
00100000 003000111ᾱο 0111 (0000001000 1011 00000100 30111301.

 

