· 1161161166-1616 ’1 19

16111. 4) 11661161 1116661161 11661666. 6) mor 16116661 1166666 6661611666. 1661666666
666161 6616616. 6) 11666161 161161 11666166 666 1166661666. 1) 11661161 11611166 6661616166.
ven-gl. 66166 Ι). No. 16, 16 66664. 8) Aaou 16116166 6661616166. 1116661 Naue 666161 661
1111661,6616166666666 11616166, 1161161666, 1666161666 1316, 666 11161161 11616161, 16116666, ge-
666166 1411. 11) 1166116166 16616663 gegen 11661166 16616 (1611666) 11661666 6661. 11161 666166
6611616111161116611161 fleury 111616 6666661.

1. 1116 1166666 6666661611 666 1161116166 11666 666 1166166 61666666 1)(1611616116 116616-
nieorum, 66 dem 1166111666 666 8161116166 3616666. 1616 1661116661 66 1616 1166611 1116 6κί 16 61.
161 1161166 1161 1) Negas! 6116 116116, 66 6661616 166 16666666 1666, 6661661 16116116·

6611666666 111161166366 1661116661 1116166. 6)116166 (in) vorgedachtem 116666, 1111666116661 “

66 william 6661166166 1116116. 4) 1166 11666, 11611666 6616661, 1614 66111 16116 1661116661 66
1161161· wascono 1116163 1116666 11666 666 616 beiden folgenden 6666666166 666 No. 8, 666 6161-
6166166 1161616666 661 11611666 111666, 666 1616166116 1611666 666 6166661616 6116 1161111666 66 666166.
6) 1166 6666616 11666. 6)1166 negesoe 11666 zum 1166166 1616666161116166116616, 16 6661 1111161-
lungun zu 1413. 1) 1166 11666 num 06166 bei 666 116616, 66 46. 161 6111 666 1616666611 11611661
No. 11. 6) 1166 negasne 11666, 6661661 616 66666, 6661611616, 16116 11161666 11666666 66 116.
11166161 6161166 61611666 zu 666166, 6616166 66616 mwgato 11666, judoch gegen 666666 66111616
666666 116 1161666666 swan 1116) 6661166166 gegeben 161. 16666 6166 616 6666111616 1161116 von 1161-
1611116. 16 36111661 16166. 1) 1666666616 11666 6616666 von 06166161 666 6161111666, 61166 666161· .
166616611166116111366 1666, 1611 66111 161666 66 1111111166 11616 zu 16 6 11161616 1616116. 161

1161661616,66666666666116161111116ς66166611661661111666111161666-66111616666-6666661, ’

C. 1161166666 6666616116666161116166 16111166 1161111166 Lanu: 1) Das 6636616 666 66616
11666. 1611 an 16166 11666166 661 1116166 1116 8616161161. 1) [166 negate 11666. 3) 1166 6666616
11666. 111666 6661 1116666 6166 1611161161 11616 16611616, 6616611611. 4) 1166 negante 11666
661666 61666 666 6661116666, 66 1661166116166111 661661 waren. 1616, 1116611, 6611116116

- 66616611 66 Abraham 16616 66 6 6111111161. 6) 1166666116 666 6166116616 11666. 166 warennam

66 1 f 11161, 616 616666 1116616 zu 16661616 emet 11166 616666 11161666 66 1 ί 1661. 116
1016636666116166 lhre Mayl. gekausse 6661 6116 6661611666 1161666666 s schreibt C.. 1111116161)
1616 66611 1661 (1641) 66 fleury 6166166 1611666661θί 666 Annum 611 66661166, 6666 er
661616 6116661166 666 1661161666 66166166 61666616166166 6611 wieder 66116666 1666661 1116 161666
1661366661166 1116666 6666666166 11611661 No. 16.

11. 1116 1166116666 666 1661166666 616666 6661161116166 1. 11166616· 116116 war von Pau!
166 666 116166 1666161. 616 6611161641 616166161611161116,1616116111636166. Nur lm
16661616166616616 6161113 6666166166 6611 66111116, 66 616 66661 63616166611166166116116 genuum
161 66 6611666661116666666166666666. 1116 1616116 666 1666111111 166666 6661 616 1666611665 66,
6666 wir 616 16 1169 66 666166 16166, 66666661161166 666 666 1161 66166666116166 1661616666 616
6661116161-116116 6661· &winter-Sanies gemacht 161. Wir 16666 616 6161616116 161 1661166 von
1661 van 66616166. 1) 1116 1161666 16111666. 1116 folgenden 6611666 6166 1661666616, wo 666

, Ι

 

