110 nnn 3100000 ,11101160 100 10116011 1666. 113

110010111011018111000 30300 610 0100011300 11110101 600 8100110100 016 00001000 00100 1100001030111
01311100 zn 0010, welche den 810010010-11101100101 006 00100600000010101110001011, 0100 0011011
desselben 101100 1013110313 001001 0116011011 0061101100 001600 00000016100100 1130011000 10
1001011100. Es mnes 60101 010 010 311011100001110130100 1011001101 werden, 6000 601000101310010
1010-8011101011 1101011016 Mulier, 11010101 0116001011000110 liudolf dereined nach 60011003
3000061001, 600010 1000010131000011 10301030000100 0000100600 100 006 10310101 jener 80000
0100 00001000 1001110. 110 101310 0101 000 0016, 60060010013110000 60001000 110110 diere 110101-
0001003 101113 unbekannt 1101. 1100001101 6018010110010101 1016 11001011 006 der 01010 810010-
80010101181110011 Coie 1100001100 0100 000101101110060111001 600 101301011000. 810 11000100 0101 11001
10 erinnem, 6000 601 11101310 600 101011 10 01001 0010100 11010000ου03 01110111 10100 00110 011100
601111 101301000οη, 00 kenne dieses 1101 1011011 600 1011100 11110300 0118100100, 110 010130 101-
0600003303ου6101000001161001011301011600, 3000101011 sein; in 1101000 10110 00110 011100 1011131
werden, ohne 6108111610 00110130011110 10000. So 0101101160001060101010110101101301010001
100 Priretpersonen, 0101 600 8100110100 0601, 1110 100 600 10060001 10011000 0000 600 110 10010110-
00111000101 1011001100 11οἰΙο 1010000000 160310, 6010001001οη 1101010000 10 1001016301, 10
11010100 11111000 0011 rieden 001 10 3011000101οη 11ίο0110000 0111001100 innuen, wernher mit 601
10 600 110100 100 6001 1101130 011113 0000300110ου 1100100011ου 30111006001001611003100
1011016311, 1101 17, 301110100 werde, 60101 6001010130 6000100011οη 00011οο00 0601 110301 11100
10100 111010 0116 01300101010001101011101000 001001000110110100060 1100111111οΙ 0010000000 und 111
deren 1001113003 0100 entsprenhende 80000 601600 0110300 10100000.

11000 00100 0001 1100130101100, 10 0101 1666, 1010000 000, 6000 0000 1011011003οι1 00
600 8101100100 600 1100130 1013011000100100 006 6000 00 600 810010-800101011 8111101010 1111160-
benite, 01000 0111311060 6011011000100 Penei 600110010101006, 30101300 001, 10000 010 1001100100
under 6000011 111101-810301 0010110100, 11001010 6000, nm diesen in 600 1100111 10 001100, 610
[1010000103 dier den 0000001001130111100011101 wieder 0013000000 werden 0010. 1101 6000100
11010 10111310 106000, 0011000100 601 1001611006οη 1100001, 0100 (1000100100, 006 0111011010 30-
1100000 610 8111610 1011, einen 11300160οῑ00 00 600 11111310 000600 10 6011010011 11100 1100160000
1011003, 600 100 0010011 1003000000 010 3011006101 006 1000001161301811010000110001 3000000100,
010 6000110110000101101 0001 01011 1013000000 limene venditurun. ¹] 1110001 1006 eine 0011110006-
11000 10100000 00 11010 10 westminster 006 es 30100310 1016, 100οΙ 60 610 811610 01111111 001100,
6000 00 110013 010 610100016600360160110110 10 1111001011 011100, 010 6001 0111011100οη 1011001301

6011001311010160060111610001030103000011, 00 1110 10 den 110300 00300 601 111011000000011 ’
privilegien 00130300 01000, 6100101010 10 0111100010111010010 01001100, 11101016 0100100110101016·

¹) 111 011 den 10111111 610011110οἰ00 0001111111οο 30001116011111 00111001 emm! ffliflffiu'ffw sm
1111 81001 en 0011010. 61111. in Th· 11. 11116136, 8. ede 636. 100 00110110 111000 verendarum, ¹¹⁰¹ (111111111-
0011010 :n 010000, 6100 1111011111 10101000006000610011110-110011 010010 1001101000-110011010 Rern 0010601,
11010000 0011011006000003 0011100 1101111000οπ 11110100 006 00100111 000131000οπ 6100610100 noch 1000101001
1101001001110111 0100001000 6111110.

1111010111. 15

 

