140 Ι “ 8 12. 1111 11111111 111 Ι8111111111

0111111111 ganz 1111111111 111 111 111111 1181 11111111 11111111 111 11111111111111111 dieses von
1111111 11111111111111111111111 11111111 1111111111. ’

11 111 1111 111111 1111101111 Η1111111Η1111111 111111 111131 1111111 1111111111 111
1111111111 1111111111 1111111111 1111111311. 011 eine 111111 1111111 der 1111111111-1111 1111111111
1198 11111111 11111111111111111111, 1111111111 1113111111111111111111111111111, 11111 111111 11111
11111111111111111111 1111111, 11111111 mehr besesugte (s. 11111 s 13). Die andere 1111111 1111-
1111111111, welche 111111111111111111111 111, 111111111-111111131111111 8111111111 11111111111111111
11111111 111 1111111111 111 111111 1111111 1111111111. 811111, 111 1111111111-11111111 12. 1111 1190
11111111 111 8111100111 111 1111111111 111 1111110111 Quays und geduldeten 11111111 1110111111-
11111111, 1111111111111181 111 111111 11111111-111111111111 11111111111113111 11111111 111 1111111111
11111111 1111111, eine angemessene Entschssdigung 11 3 111 eheu 1ο 111 Acte vom 101111 1800 mek-
1111111111 111 1111111 111111. 8111111Ρ1111111111-11111, 1111111111 1111 vom 11. 1111 18011, 11111111 111
1111111131131-1111113111111, 111 11111810 1111111111 1118111111 1111111111 111ἰ11100 11
111111 11111111, 11111111 111111 11111111111111111111111111111111; 111 11111111811111111111111
111 1111111111111111111111111111111 1111111111, 1111111111 111111111111111 1111311111 1111111111111111
1111111 1111111111,11111111111110111111111111115 111111 1111111111 11111111 1111111 und die
111111111111111111181111111111111 111111111111 1111111111111 11111111111111. So 1111111111111
1111111111 113111118111111111111111111, 11111 11111111 11 1111111, 111 111 1111111111111 ihr, 11111
1111 11 111 Augen 111 10131111 (11111111111111 so 11111111 8111111111, oder 11111 111111011111
1111111111Ιί11 Βε11111111111ςυ1ς 1110111111 1111111111 11 1111111111. 1111111 1111111111 01111113
111111111111111111111111111111 1111111111 1111111111, welche 1111111 1111111111 18⁰9 den 1111
111111 1111113111 1111111113, 111 81111111 11 1111111111, 1111111111, 111 1111111 111 8111111113 111
1111111311 Τ11111111111 (1111111 1111111111.

011 111111111111 111111111111111111111 (110111, 11 11111 2111, wo 11111 111111111111111111
11111111 1111111111 111 11111111 einiger 111111 1111 ganz 11111111111111, zu 111111 111111111111111
finden, wie sie einen 11111111 111111 11 111 11111111111111111111 1111111111 11111111 1111111. Es 1111
111111 11111111 0111111111, 111 11111111111181111111, 111111111111111111111111111111 1011111111
1111 1111111111-11111111, 111 durch Schriften, durch welche er 11111111 1111111111 1111111011 11-
11111111, Verbesserungen 11 111 2111111111 111111 1111111111 1111 1111111111111111111111 1111111111,
grosse 1111111111111 111111 11111111 111111. 0111111111111, welche 11 sich durch 1111111111 1111

111111111111,11111111111111111111111111111111111111111,1111111111111,111111111111 ’ ,

11111111 (1111111111 noch 11111111 1111111111111. 811111 11111111 1804 1111111111 diesen
wurdigen Manu zu 1111111 111111111111111 11111111 1111111. 111111 11111111111111111 111 11111111
111 Ζ111, 1111 111111111111111 11111111111111111 11111111 1111111111 111111, 111111 11. 111 1111111111
1111111111 1111111111 mit 1111 11 1111110111111 111 11111111011111111111111111 111111, 1111111111 mit
111 1111111111111111111 011111111111111 111111111111111111111111 1810 zu 11111 acuerat-consul 111
811111111111111 1111111 111111. wir 11111111 hier 1111111 11111111 111 11111111111111111111111
111 111111111111113 111 1111111111 811111111111111111 111 flammate, 11111 1111111111 11 1111111111

 

