1111111 1111111811 Stnhlhnfee 11111111 1598. 107

1111111111 1111111111 11111111 1111111111111. 111111 1111111111 61111111 gingen 1111111 111 1111111111 111-
111111111111111111111111111 1111111111 1111111111 1111111111, 11111111 1111 11111131 11111 jener
111111111161111111111111113111113111111111 6111111 gewinhen sind 111 111111 1111111 gegen den nn·
renhtnnnenigen Eingniff in 1111 1111111111 111 11111111130111111111111 111 11111111111111 111111 111 11
11111111111111111111 6111111 111111111111111111111. 11111 aben, 111 4. August, 11111111111111111
ιι11111111 1111111111, weil 11 1111111111111111111 mugen, 1111 1111111111 111111 gemme, 11101111111
11111111111191111111 11111 111 wir anderen 1111111111, ’111 Ρ11111 hinensgegengen 111 111 111Ρ11111
11111 111 zugescnneseen wonden; 1111111111 11111111111111 danin'wnhnen mugen. (1111 11111111 111”

61 wan 1111 111 111110111131111111, welches 11111 6111111111 111 111111 1111111111 bei·
1111 111111 1111111111111111111111111111111111111 1111111111 111 1131111111 11111111 111 111
1111111 111111111111 11111111 111 111111 1111111111 1111131111 nnnhgebenden, 1111111111111111111111
1111111 11111111) Die 1131111111111111111 11111111 11 ihren 11111 1111111111 1111111, 1111111111,
1111111111 111 sien 111 81111111, 111111111111111111111111111 1111 1111111111 bomnehtigen
1111111111111111 1111111111 (111111111111111) 111 11 1111111111 11111111.

- §1⁰-

Der 1111111111 8111111111 vom Jnhne 1598 bis nnnn genesen 1111111
1111111111 1666.

[1131111111 1111111111 1111111111111 Niederlnssung zu 111111 111 nne gezeigt, wie 1111111
111111 1111111111111111111111111, 1111111 11111111111 3111111111, und 1111111, 1111111 111
weniger winhtige 11 1111, 1111111111 111 1111111111 wie, wenn wir 11611111111111, 11111 11111111
8111111 1111111111, 111 1111111111 1111111111 genesen ist. [1111111111 1111111111 1111131111 1111111111
einh 11111111 11111111111111111111, 111111 3111111111 111 1111111111 verhennisse 111, 1111131111 11
111 11111111 111 8111111111111, 111111111 11 111 11111111111111111 1111111111, we 1111111111-
11111111111111 1111111111111 111 1111111111 111 1111111 11 111111111111111111111 1111111111 61111111 11-
111111 111 111 11111111 1111111 eigennnnziger 111 111111111111111 1111111111. 1111111111 Venhnltnisse, welche
111 11111111 6111111111 111 einzelnen 1111111111 bezeichnen hatten, 1111111111 1111 11 1111111111. Wenn
gleinh 111 3111111111 1111111111. Pn'vilegien 1111 11111 Oeten 11 11111111 11111111111111111111111111
11111111 gingen, 11 waren 11111111 1111111111 Ennnheinnng 11111111311111611111 1111111111 11-
11111111, so wie 111 111 111 1111111111 1111111111 1131111111 engenonnnenesneunng eine 111111 1111

¹) Senon 111111111111111111111111111 1111111111 111111. Angue Ρ. 11. 111. 15531 “Tune 11111111 11111111
111 11111111 1111111111, 11111 11111 1111111 111 1111111111 Anguem 11111111, eumque 1111111111 11 rernm 1111111111
1111 11111111 1111111111 111111,” 11111111 111 1111111111 111 1111111111-111111111111. 1111111111111111 11111111 111
1111111111111 111 11111111 1111111111 11111111 11 11111111111, 1111 111 1111111111 1111 1111111 1111111111 1111111111. be
1111 stowe 1. 1. 0.= ln 1111 1111 1551, 1111111111 11. 1111111 111 11111, 11111111111111111111111111111111111111111, 111·
11111111 111111 8111111111 1111111111 1111 111111 1111 1111111111 111111, 111 11 1111111111. ,

11·

 

