94 s 11. Die 5111511555 51515151 1515 1115551111 15111515

0

55511511 515 1111155551 111115, 155 denen 515· 551 511151 551155155 155 55155111 515551551151111511
551 11115511 5111551155 555 1155515111 515 55551511555551515555.

1111515 bessem Eehnlnnng 55115155 meinung, 1551 55155 1511511555 511 11551555 15155
1111555 1151151 1515551551, werden 1511 115155 15155551555 den 5555115551 (1515115155, 511551
1155155 551 05515111 555 5551 1555155555 1515555155555,51515515115115 1554 81111155 11 15515
5555555355 gegeben. ¹) 1115 genesen 15511 5515515115 551551 151 555 11115151, 5555 5515151151 51111515;
515 11511155 waren 1155 1511555115511515111511155 5151151155. {n Felge 5515155111555 5515111155
vom 15515 1518, welche 51511555 5155555551511555, 1151511555 555 endere 81111115 155 5511151115
nnsgesnhlossen 551155, 555 vom 11515 15511 11515 551 1511151115 1551 55515551 551 65 5515555551,
1555155155163.

(15151511555 55115115555155111113155 551511 Ἰ1555511111151 1111115155 15113 1115 11155
1155515 551 1111515515 155 5155555151, welche 515811555115 5511511155,155555 5111 1511155111 5511155515
551 81551155555. 1115 8111515555 551 5531155551 nones 51155 5511111555 eine 1551 1115511555 gegen
515 11515555 1155555111, 1115515 51551151. 11555 5155 einigen 151155 wne-den wionem, 511115151-
lnssung 55111115111151115151155 515511151155511, 1155551511, 151 dnm 551155155 115515 5111111111, 1511
515551 5111115155 1155515155, 5155555511551115115515555551515511511551, welche 1115 11115555 51151
11555111 151 in 555 11511555 15151511. 1151 1151111151 11515 551 neuen Bntfeenung angegnngen3 511
(1511155551, 111. 11515, 51551315 gegen 51515515. 515 1. 1551 1511 51555 515 55111155 551 venees
gegen jene 151, 11515551 1155 weit 1551 11155 511511551555 5111155115 5111155155 111515 nnn 151
5515551515151511355511551551155155 5555151515511 Towne geinenen 11115555 5555555515
1151551) Es 1555151 51551, 5511 515 1155115155 5511 5518551151 551 diesem 5511155 15 1551 55155111
neren, wie 5151111155515115115515155, 5555 5115151 men 1115551511 511515151511515, 1115 1111111155
515 Lege 551 11551555 1111, 115115 115 111551 551531115551 15111551 1511111155 555· 515 Regieenng en
15111, 1115 5115511 1151 1111513 115511 11111. 555 551 01151551 1151151, 115 nn begnustig'en geneign 115151.
115155 1511111155 1151 5551115555 1155551 555 5515115511 515 51155 1511 15115111 (5155151155 5551115551
5151551151 55155151511, 155555 151155115155155555115515111115111555511151511155155 55115155 1515111-
11555. 15 1515555 151555555155 ward 15 8515551 1511 Thomas 51515, 55111111 noch unser-smne
15111155, 1111 nem 51551151 (5151151 51155 nens] Cenhbent 15111511, 5151151555 51155515 155 11515511,
5555 Brngge 55155111, 555 1115551511 im folgenden 15115, nnn 1155 115 1551515115 1511 5515 1111151 ehge-
1511511555111151151111511153 (neem 511515555115) 1515551555555 meningen. 11111 5555 5151
155155, 1555, April, 115155 551851151151515111515515155115 51151151. 1115155 1515551151 551155155
1555151511555 1155115 15 brigge, 15 11515555 1115115111 een 11111511 gennente 811 11511111 11115 551
551 55151551 551 5515555155155151511, 55511 5515 111. W. 1151351555 5515 11111511. 115155, und nn·
seiten 551 11511151 1511151151155511151 8555151511 1115551, (1115 555 1111511511 55551111 waren. 1115
1151511515 515151 0551515515515 dem 11555115 vom 12. August desselben 155151 waren Jedoch 5555

¹) 5511111511 15 5115511515 115 1515 1151515155]- 11551511511. n. 1115-111.
²) 1115115111 55155515. Τ. 11 p. 189-191.

 

