1333-1133. . 105

13131333 111311 13133 1313131133 131 33113133 13111133 133 3111311111, 131 1133 13113113331133133
’ · 1311, 33 33131 13 33 1113133 11) 131133131131133311313133, 131131331313131113333113 de 31313133
3133111133 hen: 1333131 1311313133131331311313133 313111 331333 113113, 313 131113 13311333131
313 11· 131 31313 confirmation.

6. Dm 11311133 1113 11333313. 11331 13333113113 311313133 3133 13113133 ys, so 33131 313
131133131 111333 311133 131 ι13 3313133 1113 13113313131) 1113133, 131 311 33131 113333 13 133 anderen
1311311131331111131331, 131 wan 1313113133 313, 3ο 33131 333133311313133 131131113 113111313
1313113333 131 133 133331131111311131133. 1731 13 1113 11311313 3313133 3311 33113133 313111 133
111311 1333333 13133113333. ” ¹

7. 1131113133 13 311313333 131 131113 113111313 3133 13113133 313, 33 3313113 3113 α)’ 31131-
man se 1313313133 13113 11311311 3) 1313113133 33 133 31 3133 1311333113333 31311 13 1133333133
1331331 13133333 11311333 131 1133 33 133 31 13133 hebben, 3333131 13 3113 31131333 1331 3133
’ 3113133331) 13 313131 33311131333133 131 13133 33 gan 311133 13 3133 31313.

8. 11331 wan 1313333133313, 3333131 13 313 311313133 3111 133 11133 11311313 133 3133133
33133 33133 3133333 131133 313331 133 3113133 31 1311333331331331131313113. 1131 1133 131
13133 13, 3333131 1333 3313133311133 gan.

⁹. 11313 133331133 133133131 13331)113333 11113313131331313 131 3311 133 13131331 113 13113313.

111. 11313 we 3113131331311331131 313 131 13311, 1313131 311113 311133 11131 1331113113133,
sunder 1333131 33331313133 311313113333133131331)31313131131,1131131311333131131331311113311311.

11. 113313333131 1333 113333 111111 dagon 13133 133 13313333 11313133 113113113331) 131-
13113133, 131 13333 133 1131113333 13311, vp 131 1331311 31331 1131133, 1131 11111313 13 13111333 1311
131 11313131313313 1113113 131133 133111.

11. 11313 131131113133333 13133331131133 331311333113 1111131333 11313311311133133 13 13 ’

13113 1311331113133 31311 1313131311,θ)1133 13 11311333 113 133131311 1131 133 33313313 3313133
33 113131131313 113 Vll. 3313313313, 331 133 11131313 113 33133, 131 113 1313131131313, 13 “
3313133333 1111. 13331333, 131 13113113 33131133 1311133 13 1113111313. ,

13. 11331 31113 311311333 113333 313331 1313 1311311111 1) 113113, 3333131 13 133 1311131313
1313333, 13 1133113133 313, 131 11 1311311 133 33 13333 3333 1131131133133 31313, 131 1313333131
13 133 1131113333 sake 1313133 113 1311313313 11 133 31, 133 13 33133 1311.

14. 11331 311313 311313133111 131 31313 1331331113 131 1331 1333113313 113113 1313 31333
331333 3113 133 1131331333 113133 1111133, 33 331331 13133 11133 113111313 1333133 133 1131113333 13311131
3113 3313, 13 3133 1333133 313, 113 11313313,1131131131113131 113 331313313, 1331 131131113
1313 31313133 111313 31333133 133 113111313 131 1111. 133133 33133 3133333 33131 13133 31133133

13 33113133 313. ¹⁰]

¹) 1111133 - 131133131313111 MS. ²) 01131311111331. ³) 131 13 11131133 1311111311.
1311313133. MS· ⁴) 1133 3133 31131313313111111331. ⁵) 1133331133113113313111133. MS.
0 1133 331 3133. 11331. ⁶) 013131133313133. 11311. ⁷) 1133. MS· ⁸) 1313313. HS.
⁹) 111333 13133 333133 13313313. MS· Ν) 113311 -31313111111311,

. 111131133111. 11

 

