111 111 111111 1111111 ven 11111111 16111. 111

11111111 ‘oden 111 anderen 1111111111 8111111111111, 1111111111 111 1111111111 1111111111
111111, so weng, 1111 111 111111 111111111111111111111 11111111 111111 1111111111. Auen 1111111
,1111111111 111 11111111 geweeen 11 sein, 1111 es irgend 11111 1111111111 1111111113 einen einnigen
genennten nmnnneinnng 11111111, 11111111111111 1111111111111 1111111111 1111111111 1111111111
nunde. 1111 1111111111 nuenton 11111111 des 1111111111111111111 11 11111 1111 81111 11111111,
nonant sie 1111 1111 111 gegennnennegennen 1111111111 811111111 111111111111111111 11111111-
1111111111 11111111. 11111 1111111111111111 nene Vernannnnngen 11111111111111111111, 11
111 1111111, «11111111111111 111111111111111111 des 8111111111· 11 111 1111111111, 111 11111111
1111111111111111111111,1111111111111111,11111111 1111111111111111111111111111111111111111
1111111111 1111111111 1111111111 111111, 1111111111 haben. 11111111 11111111111111111 1111111111
venientem 1111 1111111111 und 11111111 111 gne nennnnnann vnn 111111111111111111111111111111-
111111111 nunde, 1111111 111111111 1111111111 111 1111111111 1111111111, 111111111111111111111
111 111111111111111111 1111111111. 111 1111111111111111 1111111, 1111111111 1111 11111 1111111111
111 oden 111 111111 111· 1111111111 einen 11111111111111111111111 1111111111 Ι1111 wieder 111111.
11111 nonen 11111 venient 11 11111 menn als 111111111111111111 8111111111 11 1111111111.

111 111111111111111 1111111111 wieder 1111111111 werde, 1111111 ausser 11111 1111111
1111111101111111111111111111 11111111111111111111111111 1111111111111111111111111111111111
1111111111111111 1111111111, 11111111 (1111111 1111111111 Des 111111111111111111, 11111111,
, 1111111111, 1111111111 111 6111111111, wernher 11181111111111111111111111111111111111111111
1111111811111111111 111 1111111111 worden. 1111111111 geunnen gestnhlen, 1111111 111 1111-
11111111 1111 1111111 1111111111. [1111111111 1111111 1111111111, 1111111111 11111111111111.
1111111111 111 111111 111 11111111 in 111 11111111111111 1111111111111 11111111111111, 11111111
1111 1111111111 111 111111311111111 111111111111111111 11111 11111 1111111, 1111 11111111111111,
deren Znhl nnn 1111 1111111111 1111111 8111111 1111111111 1111111. 1111 diesen gen-ingen 1111
11111111, 11111111 11 11111 11111111111111111111111 (111111111111111, 11111 11111 111111
Wiedenernennung 11111 1111111111 1131111111, 1111 hein gelennnen 81111111 111 Zeit gewnnsnhn,
1111111111 ein 3111111111111111111 11 111111111111111111111111111111111 Angelegenheiten,
111111 11111 111 (1111111111 11111111 kenne 111 111 111111111111 seraone 111111311111111111111,
1111111 enen 11111111 werde. 1111111 11111 Homnae 11111111 111 1111111, 1111111111111111 11-
111111111111111111111111111111111111 1111111111 11111111 11111, vnn 11111111 1111111111. Um
nnekgnne 111 vnn den Mingliedenn 1111111111 1111111111 8111111111111111111 1111111111111111111-
1111111111 111· wnnenann'nnr 111 111 11111111111111 1111111111 1111111, 11 111 contenet 11 1111
1111, 11 11111111 gebreche. sennonteus ward (1111111111 1111111111 111111 11111111, 111 11111111 ”
11111111111111111111111111 111111 1111111 geningen Peene als Eigentnnm nngeknnn. 1111
1111111111, nenne 111 21111111 111 1111111111111111111 zu 11111111 111111 11111 1111111111
1111111111, 1618 1111111111111111111111111111, konnen 1111111111 Winknng 1111111111 111 ’
111111111111111111 3111111 -sein 811111 11 11111 11111 11111111 sien 111 1111111111 1111111111·
1111111111 Wnnnnngen 111 12111 (11111111 111 11 1111111111 111 8111111111 11111111 Wnnnnngen:

 

