160 S 14.“ 11111 111 1111111111 111 8111111111.

11111111 11111 111111111111111111111111111111 Engiinderin 111111111111111, 11111 11, wider die
ordnung, 111 dem stambere, wo 11, 111 iibrigen 11111111111111111113111, 1111113111111111111·
11111. Ι1111111111111111 1641 11111111111111111111113. 11111111 zeigie 1111 1111, 1111 11111-
1111111111. 16811111111111111111111111131111111111111111111111. 1111111111 1111 S. 114.

1141. 011111(11111)1111’111111, 1111111111 11111111111111111113, eines hamburgee
uergere Sehn, 111110 111111 1111111 811111111. 8111 8111111111 11111 11111111 111113 genennt, 111

, 111111111111 111111111111111111111111111111111. 111811113111111, 111111111111111 1111.

11111111 111111111111111111111111 111111 11 11111113 gegen 111111111111 1111111111 process 11111
11111111111, 111111111111 111, 1647 1111111111111113111111111111, 111111 11111111 ihm ge·
1111111111111111113 111 111111 1111111111 1111111 gegen die 1111 geringe Mieihe. 11 1111111111
1111 1111111111 11111111, wo 1111111 1111111 gewesen, 111 1111 lingere Zeit zu 1111111111. Ver·
3111111 1111 S. 114 flgd.

16411111, Jacob 11111111, 8111 111 Peter 11111111 1111111111, 3111111 1119. viei-
ieiehi war 11 111 111111 111 111111111 1111111111 111 11111111 Jacob 1., 111111111111, 111111 3111111
1111 111111111111111, 1111111, 1111111111 111111111 811111, 111111 1111111111 1111 11111111
1111111111111111111, geenne, 1111111111111111111 den 1111111111 Nemee 111 “Tripe‘s Υ111”
1111111111. - 81111 111111 111 1191ιί11111 a. 1. 0. T. 111. S. 111. - Er· 1111 111111 11111111
111811111111 gewesen, 1111111 11 111111. 81111 1111111111 1111111111111111111111111, 111
8111111111 1111111111, 1111111 11 Lindon, 11111 11 iniseriam, 11111111 11111111 111111111111111111111
11111111111111 werden 111111; 111 1111111 1111111111, 1111111111 Stampeel, 111 111111 01111111 11
111111 11111 1111111 111 iiie 111 er 11111111111611111111 111 dem 8111111111 gewesen, so wie 111
111. 11111 1111111111. 1111111661,11111111111 1111111111 1111 &11ss, 111 111 134 1111.

111-1711111117. 7111111 11111111, 111 11111111111111111111111111, in 1111111111
Sieliung. 11 11111, gieieh seiuem 1111111111, ohne Kinder. 111 11111111111111 iiber 11111111
11 111 11111 11111311 1111111 1111111 fulgen, 1111 11111 1111111111 geweeen, weicien 111 grosse 11111
1111111111 gezogen 11111 mag. 11 soii 1111 1111111111 11 1111111 111 8111111111 11111111 11111.
011111911111111111 1111111111. Τ. 1. 111111 111 111 111 11111111 1113111111 912.

1706 1111717. 111111111311111111111, Sir Jacob 11111111, 81111111111113111111
011111111111111111, des 1111111 1111111 111 111111111111111111111111111111, 11111111111111
13111. 1111111111111111 111111111111111 des 1111111111111111111 11111 1111111 1111111,
Esther, 1111111111111111111 Walion, 111 Anne.

1711. 1111111 aeriam 111 11111111, 1111111311 811111111 111 1111111111111111111111-
111111111, 11111111 111 1111111111, 111111 1111111111111111111111111 111 11113111 1111111111 11111.
1111111111111111111, ward 1717 111 111 wieder 11111111. . ‚

1717-1741. 1111111111111111, 13111, 1111118111111-11111111-11111131111131111111. Er
resignirie wegen unginsiigee, 1111 dem 81111111111111111111111111311111111111111. ,

1741-1711. 111111111111111,-111111113118111,11111181111111118111111111111-1111111111,
1111111111111111111. 1742 111111111111111111111111111111111111311111111111111. 11

 

