82 Ι S 7. Die Gemhlde 155 Holhein.

in 1551151515111113111155. Ζ11111135 155 5151515511151151511115515 11151 51551516511551111515
511 dem 615111515 5135155551, 15115 515 115 1511151555111151 35115113 111555, ¹) 1115151155 155 1515155155
Statue 151151551411 1555131, 1155 55 jener 15115111 151111113113 155 1155151155 355515151 115115.
Wehrscheinhch 1551115 11555 1111515113 5111115555 1155311351. 11551 1551115 5115151 11 11561115
155651155155151551 155155, 35351 11151511113511 1111151511113 eines hides, 5135155551 111 5111115151
15 15515 1115115 Classe - genennt 1115511 (d. h. hhegenae), 51511115151 51513555, 1515515151
11515, 11515 11511, wie 5116151111 1556511551111515 zu 155151 vom 11155 1444115 115 1511512111·
35155551 1555111151 11551, 5115 15115515 111 1115155111155115551. 815 5111 5511351515 5511 1551 11155
1336 111 1551111151 11511511551551551151551. 1469155551511515515511515 15555 111. 1115511151·
berger hier nicht 1511151, 11151 1155 15151155551151, 11511 5151 5151 11511 Nemen 1115 111 11155 1117
ιι115355 1115115355 15515155511531 15 11511111” huden. 11551555115515151 11531511, 1155 5515115155
11511 51535155515115515111151155111511511511, 1111151 1. 5. 5115113 5115613, 5511551 1555 5151
1511555155, welche sich 55 155115111511 5151515155155, wie 115 5131155151 (151155111515, 1151511151
15151111155 11 11555 1111 11115151 111 5151 151111 1531113151, 1155 513515 11551311511511 11
cccccccccc, 1115 wic 1155 51151 155551151 vem 15155 1464 5151115151 155151151 eichst) 515515551
5111151.

1115 115555511115 55351 55515111151 15115151115115 515 dem 55115511 15111155 315111515, 155555
1151553 155111 1551 115115, um 1151155151 155 55151315551 655511155151155 115 115155551513153 ihrer
Privilegien zu dechen. 151 15111155 1664 551113 155 115151515155 15551555 151 1151555111155 155, 115
1511111351 6511111511- 111 1155551511 155 8151115155 mit 155 ,155511511113 155115551511513 155551151
511651155515 151 11 5155 mehr 151551 (11111113155555), wie 55 1511155 115111351111151 1555115
355515151, 511551151151. 115 1511515151 jedoch 155115 1115151515 1151155155. 1151 15515511155
115115 11135111115511511 515 511 11531151 5155151, 1555 155 355555 115111 511 1511113 1155355, 151
1. September 1666, 5151 1155 6511115 5535111111 11 15515 15315. 1558111115151551515515511555,
11515155 115 1111151 55151 1551151151 111511551 dem Feuer entrance, welches 1115 “Flammea 1511
11111151 151 5151351555555,” 1551111131, 15551551551115515515511155 Wearcn 3515555 35115555,
515 1515113515511115555551111 dem Grunde.

S 7.
Die Gemhlde von Hclhein.

1111 551515511151155, 513511111115155 15111151 155 1111115115 155155111 51151 11 dem 15555515
1511115151 355555115111151155 555151 deutschen 1111511555, 1555511551151515 11131511 515515111

m

¹) 1155515155 5. 5. 0. S. 7951115155, 1535115551113515155 1511155 515113511115151 1511555115 1551151115155
durch 11511513115151153155113 511151511551515555511 1601. ’

²) W. 1155155511151551 51115 1115115 111555 compones 11 155151. Τ. 11. p. 178-111.

 

