120 ι reeb-1460.

, 111 01130 5011011101 111 11101 101 Hense qnemen 111 111 1011111 endem hene were, de 010 11111-
00101 101 wolde, de 11101 50 11 31510 11101 015, 1111, drey men3 be en 00111 01 1101111001, 1001
11 100 hahes 1011 50111101 11101. Vnde we 111 01110301 1011, 10001113010111101105010001. 01011.
1 11. 110110110110110110100101

11011 111111110051011 hbhh0XXXlssl vn den xm 1101 1111110 11111 30011010101 by 1011
011011111 111 30110101 11οο11111, deenen 1011111001οη 111105 11101100 011101 00111 100 wintere 10
11111101 111105501111015 1ο 10301, 111 0110111150111111101 311 111 11011 11101 0111 1111011
1110. Vnd 10101111101111111101100011110110 hadde 11101 11101 1013050110101, 10 00111 001, 111
10 010 511101 hedde 111051110110, 11 111110110110. 1111101010110, 11101111111 101 11101 11110
11101111103113011110101110111151011 10 01 dede, de 50111 30101 11 10 hussen 1001111111
5101111300, 50 1110110111110101011110111011. Vnd 10 110110150111111111 hebben den dondendel
111101 1001111113οη 1113050110101.

111. De 1111000 10010101 werden 011011 10 1011110010.

11011 111 111111111011 111 101 xl! 1101 11111111 ordynerede (10) 10011111, 111100 1101100
011 151111, 1011 ohe buten 1011 01111113011, 10111010 10111101 (101) 1111111111 5101 11101 50111,
vn de 1110 111 XX 001. 51011. ¹) Vnd 011 101111 00111 111101 dem 51111010 syn 10 hegen 1101. 1101
00111 men den 31111011) 111 101110101 101101 011101. Vnd we 11111101 10 10011101, 010011111011
11101101 1011 301 30110110 mahen, vn de bote 111 111501111111 0101111300.

1111. We 1100 5100101 nehel.

11011 1111111111110111 vp den 111. 1101 11 October 11111 301110101οῑ, 111 eyn 15111 11011111
111 1011101100, de eyne 1111101 111011 51111010 10 10111101(1011), syne wehen lenk 115 ern de
510101 111 dem 1110 3010101 11 101111101, 10 011101 00111 11 511110 110 110 11111 30011010101 10.
Vnd we 01011 101 1103011 1010110 ohe sine 11111011 101 1011101 0111, 111 011010101 101111010110101
10 0111130110, 111101111011111 111111 10 01110110, 01 0011110 1030510 hemer 10010101 111
0111111301 111 011101 10 1101101 101 erne, 111 1000111 des hnepnnens 1101110111110111 0101101,
11110111 111 101011101 11110101 11101101101111101. barnan 50111 10 3010 111101511101 10300101
berner, de 1150 1010110 de 10101300111011011, 101101 11111101. 111 105 11111110 110110 10
1111 1110101101.

LIV. Vae 3010011 10111010 laten 113301.

11011 111 111 1111110111111 vn den 111111. 110111 1101011011 300110101οῑ by 1011 011011111 111
3011010110011101, 101 101111150111001101 01130 311010 0110 101015010111 101 0111101111101 beiden
1011011) 11111 111 10 31101 1110010101 synt, rp de 1110 111 011011 1111110000, 0110 1101111
1011010110 so hange 1150 10 111 1110111 101. Dyr wnrt 301110101οῑ 111110 100 1111101, 111110111
1111101101 11101 111 1111011111 den anderen 1011111131130 sy 111031130 ⁴) 11 10110 111 51101
1010150111.

¹) 1111111111. MS· 2) 61311101, 1110301, 8011131011. 1) Peneon, 1011, 50110.
⁴) 1001031010, 11101011, 1101101111. 0101 hee: 011031130, Annine

 

