(1611111116 16 London. 29

· 611116. ι) 11116611 611 Sitz des Ccmtoirs 166 1111331 nach dntweepen 1611631 1111, 116666 wir 1161

(16106111611 16 661 Stetuten 1611111116 1571, 61611161 Lttheck mit den wendischen, nommetschen
666 16111616116161, Cttln 1111 666 tthetrheinischen und 11611111161166, Bennnschweig mit den sdehsischen
und 11111111611611118116166, 66611611116113 11116611 31116611666 1611161161 6161111666 66111
666 6116 3611111366 116161116166. 111616116 1161161613 16666 wie schon in den ncwgcrnden Sitne
16111 11116 1514, 661 66116661 160316111111111 116131116116.1) 11611 1616161 (1116616161111
Schneihen 661311616 611111116166 nnd des wishyschcn 11611611 16 611 16616616 16 1161136166 1611 ·
11116 1366 16 161361, 6611 6661 6611 in 11116161 Ζ611 61661111611613 611 1161116166 {tendente in 611
11111116, 3611111611616666 616 6111161661661116161, 1666611111 (1611111116161111111611) hergehrecht
1111, 11666 116 316161 11 661 11161668111111611 61111161 wind. 1661 1116161 6111 16166 661 116111616
1161611 1611111116 1363, 166114, 166 (111161111613 66111616616166 11136 16 611111 [1111116116 16 6611
161361666111616 111 1111661111 616 611116 661 Bestehen 66111611611663 3111 ausser Zweiiet 1611611)

tn 111666111166661111611611111613 16 11111116111 16111116 1437 666 1111611611 16666
Stntnten des 6611116111 1611111116 1554. Sic waren 6161 1161 (1116111661 166 denen 1611111336
666 1166 11161111611111161. 1437 11116616 6111 1111616 3616616166 stetten 666 1116661 611 61116
1111111611 611616, 116116 111116111116116611 1116661, 6111 616 11616616 dieser 611616, wenn 316111 Cdin
16116 1111616 1166161613 661111 616 16111166636611111111 111311 16116161 11111, 66661166611611 661
1111116161 1111661116 Lcndnn in 11161611 hatten. 1111 1111116 1111111111 6611111116 1116 sachsischen, 1161-
6116161, (1611111116116, 61611161-11613111166 616 16611 616116111 661 11116131163661 811616. 11161111(
1161 war (611 1111116 666 66111166 16 6661 16111611 1111116116 1116111131. 1116 1111161663 16 6161116116
1111 jedcch 1554 61116 (61116611, 66111156611111661 1161616161, 66666116566, stchsischen und
westhtlischen Stttdten 611 61116 11116616. Zn Cdtn, welches 16116 11611116611611611 zu Lendcn 31611611-
1116111 6163611111 11116, waren 161161 666 116111111111161 Stttdten 161111666111111, 166 Bet-g, die

hiesischen und 616116111111111663611131. 1111 letzten 1111111616, dent (1111116166 161 1111113, wind
Gothtend nicht 616111 genennt. 111 dient 161 66111113663 6611561 616 1161166663 66111616111616 161
666 6616161166 1161161361161116111116111, 6111 11 611 16111366161166 Stetnten die 1611111663 661 11111-
theile mit 661 3611611663 6163616111111116, dese 11 11166 1166611111 666 661 66611611-0161613611636ῑ
111116 1611111663 661 1161111161 16 616611116111 1111111663 6111116161611161 616 1161616661-111161
1161113 16166661 111.

¹) 111111611616 6616116116 661 deutschen 116116. ’111.11. S. 3115. hin Schnethen 661 36111116116116 nectens,
(16161166 6161 11161616 1111116116 616 661 (166111116111611111161 1611111611, 11161611 1351, 11616 66161111 S· 416.

²) Stehe 61616636166111111, 11116116 1711161166161 1111131161 11111 1514611111, 6161 111111611161 1611
161161564 6136611611 het. 8611611111 (1616111111. 11. 111. s. 134 1611514 16 15114 111166616 616 densim dieses
11111111 gehen 1161166. 11661 613161111111161111661111111111661616111111116 1111611111, tn.vt1.s.ttt, 6611
1514 11611113 111. 16661661 111 6161611661111 1464 tm 16116, 66161 uciche 8611611111 3611666111 161, 11 14114 11 1161161-

13ε,ὴ116 1316111161 611 cethem 61361166 werke S· 111, nc 161 661 11631116161161 611161161166 6161161111, htttte
61 1 men nnen.

³) Uetnndttche 6611116116661 deutschen 1161166. ’11.11. 35811136.
⁴) Desethet s. 514.

 

