1111, 111-1· 1.· 111·

· dus 111 mm 1111111 ’1111111111 11 1111 1111911111 11111111, 1111 1111111 111 within·
11111111111111, 1111111111 11111111 11111 111111 min 1111111111 11111111 111 1111111111
11111] hemum 11111111 1111111 111111111111111111111111111 11 longe 111111 1 111111
phase 111 nne 1111111111, mund comm 111 11111 1111111111, 111 111 1111111 11111111 ..
pondus-Momm 111·11111111111;111111111·11 111 11111 111 11 111111111111111111 111111 111
11111111111111,ἱ 1111111111 111111111111111111111, 1111111111 1111111 1111111, 11111111, 1111111
11111111-1111111111 111111 111 the 111111 within 111 111 111 same 111111, 111 111 11111 11 111 nugs
11111, 1111111111 111 11111111 111111 11111111111111111111 111 maim 111 1111111111 11111
11111, 11 1 1111 in 111 11111 113111 111111, at 111 111 111 1111111111 11111111 11111 11 11111111,
that 1111 111111111181111 1111111 11111111 11111111 111111 111111, 11 11111111111111111, 11111111
111-1111111 1111111311 111 111111· · ·

cmx, ’81111111111111111811111111111111 11111111 111 1111111111 111
8111111111 1111111111111111111Ρ111111111111. 1161111119. Ι

111 111 111111 01111111 111111,Ι to 1111111Δ 1111 11111111 11111131 11111111111111111 111111
11111, 11111 1111111111 111, 1111111111, 11111111, 1111111111111111, ΙΙ 11111111 1111111111
11111111 11111111 1111311111, 1111111 81111111. Whereas 11111111 controuersias, 111111 111 111-
111111111111111111111 1111111111, 111111 111 11111111111111111 111 11 ulamma 111 mmmm
os 1111 8191111111 within 1111 111111111111 11 1111111 partie, 111 1111111111 111191, 11111111 111
111111 11 111 1111 11111111 111 111111 111111 11111 1111, 11 111 1111111111, ΙΙ 111 111 111111-
11131 111 1111111131 1111111111 11111111 by 11111111 11111111 Ι111 1111111111 11 111 8111111111
1111111111 11 1111111111, 1111 111 1111111 111 charges incidente 11 the 111111111111 1111111 111
11111111111111111111ς 111 111 appensione 11111111 1111111111 1111111111 111111 1111111111-
11111 111111 1111111111111111111111 11111111 111, 1111 11111 11111 1111111111, to 1111 1111111111
the 11111 11111111 111 1111111111 11111181111111111111111111 111 111 11111 1111111111 11111,
1111111 1111111111 11 111111, 111 to 1111 111 1111111111 1111111111111 1111111111, 11 aforesaid.
whempon 1, 11111111 11111 hemer, amrdinge to 1111111111 111 11111111 11111 11111 111111,

11111 111111 111111 111 111 11111 parties 1111111111 11 1111111111 111111 11111 11111111 1111111111 >

111111 111 1111111111 1111111111, the alderman 111 1111111111 1111111111, 111 at 1111111
11111 lym 1111111111111111111, 111 111111 111 11111 111-1111111111 1111111 two 1111111
11111 1111111111 bringe 1111111 1111111 11111111 1111111111, 1111 1111 hy 111 guod 111111 111
1111111 11 1111111111 1111111111 11111, 1111111111, 1111111111 111111 porto 11 111 11111 11
111111, 11111111 111111 with 11111111 punies, 11 111 1111111111 11111, ’111 11111 11111· 1111111111
111111, 111 1111111111111 111 11111111 111111 11111111,.11111111111111 11 111 8111111111 1111111111,
111 1111111111111111111111, 1111111 11 111 1111 11111111 1111111111, 1111 11111111 absolutely
determyned themselves 11 111111, 11111 111 11111111-11111111111 dotemynaeion 11111, 11111111
11111 1111111111, 11 111 1111 111 111 11111 matters in 111111111111111111111.. 111 1111111111 1,

 

