168 8. 10110011010810111101101101.

111139 Plhnd 811101, wnhei die 113010 01 100 Biephoi 10 10101101 111 1101110101030, 01111011 001

slehen Schillinge, ithrlieh 0110101 01011. 1101 80011011ου10 01 10101 1001 1001101101 01010101
Thomas 1011011010, 1101101101 101100, 1111 10010 11111011 Silher. 1319 10010110101 de 11001010
dent 11001001610101110 1100, 10110110111101 010 1110101101 1013010011εο Walter, 101 Clement le

. ’1101101100 801001, 19 1110011030 1111111010 110010 10 1010011 301001100 61001111010 01, 11011101 110

0001 10011186 1010101100 10110010 100 5801110301 001 101 110110 01101 halben llark 11111301
1 Sehilling 8 Plennlnge. 1316 1011000110 01 11 10100110110100110 101101101011011101100130010,
011110110110111003, 1011 1001 10100 1110100 01 10110011 werden sollte. 1341110117, 1011001101
110 1011010011-1100110101 101 Thomas vnn 3001010 011 1010011101ου 101 110311010 610011110100
100 6011110101 wilhelm de nel 101110, dieser iednnh sehon 00011101 Wonhen an Philipp Wythe,
10111301 1111301. 10110101 1011000110 11 1010011 10110010οι0 10110100134910110110 101001 11101100
intelle, nach 10101 1110100 1010010 1011110101 310101100010101 80100. 11101011101111111011 0011001111
100011130111011 101 1010101 001101011 Wythe 100 1111003010, 11010101 1011110101 101 11110100
Philipp Wythewar, 1011101101101 1001010110110010. 1377, 1111118, 111011101100101000 1001111100-
3010, Schmidt 1011111301 101110, 001 1010011011ου 1010000 11111110 001 101 111311101011001010011011
10011 6011010, 0010110000 0101 101 001 10101011110110, 0011101 8011 Philipp, Thomas de 8010111101,
11101011 10111000 001 100 capellan 11011103. 1100110100 0001 10001300 10300 101100101010010 vnn
Wyrmegeye J'ene 1110101101εο 61001111010 00 11001001810110101001111010, den 0100101000100
Capellan Wilhelm 11011103, 101000 0130001 8011 Philipp Wpthe 001 11101011 110011 10 Lenne. Wir
1011011100 1101, 1011 101 1001101 111 Norden, 1186 Wilheltn 1111, 1199111010 10 11101101010 1101,
1346, 1349101010 1011110010, 13931101 1110141710100010110311110, 1436, 1446101011 11010111.
11 811100 tritt 00 110 Stella des 0113010100011010130101197 Ρ1101111101013010, 10111101111011011101,
1417 10101101010110 011 1446101010 11301.

101100111381 001 1381) 1101101100 110 11111301 1110101 jener Gehhnde 0011101010011011
des 10101 Wythe ihre 1100110 dem sehon gleiehlalls mitherenhtigten thne desselben Philipp, wnttthet·
8001131011οο zwisehen den 111010 011 10180110 0011100100, welche wir 1388, septennali), 10130·
103110101, 10 wie 1381 110 10111101101301001001100011011111001οη liente. Philipp Wpthe nnet-
tnng1399‚ luni ll, sein llanplhans‚ 10 11010101 01 wnhnte, 11000011013010111101010010101, 01
1010101101, den 11110101 100 801111011, 110110 600130 10111011, den Geistlinhen Stephen 10101
001 100 llnapen llichatd llnrell. Philipp Wylhe 1011100110 10 101001 ’101101101ῑο 1461,001010114,
101 11031010 61101111011010011101100, 1101301010, 001 0001 10101 1110101 1010001 801101010.
1110101 110111011 1417 10110 1011011113οη 100110 1010011 80100301, 1010 10110101, 1111301001 hanef
zn Lnndnn, und 101100 1101100, 1011010 8011101101, 1101301010. ,80100 310101101000101101101, welche
11010001 1010011010111010 mit 110011 1011011010, 1111301 10 100101, 10 11101101 110 1011010101
10110, 301 10 6001101 11101 1001101 001111018011110301101001 eine 001111001011011111101301.
6110100101001111010031· 101 Veniens-delen 1101 diesen 6030011001 10101 1101 0101 010011 10111
01001 1011100101 1010111ιο 1418. 11 1010101100 10110, Μο1 11, 1101110301 1. 10100001 111101101
110100 101 1011103011010111111001 1010 10010101 liningen und Tnehhtndler Walter Cherteseye‚ 101

 

