150 s 13. 11111111111111111111111111111111 111 8111111111.

11. 1111111111 17981) 11 11111111111111 111111 in 111111111111111111111111111111111111, welche
1111111 1111 1116111111 8111111111, 111 11111111 1111111111, 1111111111 1111 111111111111 11 111,
111 111111 [1111111111 61111111 11 1111111, 111 8111111111, 11111111 sich 11111 111 11111 1111111111
8111111111 11111111, 1111111 111 111111 11111111111111111, 111111 1111111 111 1111111111111111 ’111111
«11111111 11111111 111 11111111111111111111 1111111111 111, 111 11111111 1111111111 1111111111 111
111111111111 durch 111 1111111111 1111 1111111111 11111111 111. Die 811111 11111111111 11 6111111111
7111111111 111 111 11111111111816311.111111-1111111111, 1111111111111111011111111111111111, 11
1111111 1111111111111111111 811111 11111111111111 11111111111111111111 111186113911. belief. '
Der Art. 11 111 111111111111111111 1111111 111 1111 1111111111111111111, 1111 111 1111111111 111 111
11111111 1111111111 1111111 111 11111111, 111 1111111111111111111111111 1111111 11 1111111111
11 1111111111 1111111, 11111 111 11111111 11111 1111111111 11111, 1111 11111 111 1111111 111111 11111
1111111111 111111-11111111, 11 wie 111111111111 111 1111111111 1111111111.

11111111111111111111 ubernommenen 1111111111 111111. 1111111 11111111 war, 11111111
111611111111111111111 11111 11111111 1111111 1111111 1111, 11111 11111111 11 11111111, 11 lange
111 81111111111111111 11 1111 1111111111 111111 111 8111111111 1111111. 1711 111. 1111111 also noch
nnfgefflhrtz Abgaben 1111 1118111111111 111-1013 0111111 111 li 1⁰ 111. 1768-1795 1131
.' 81111111111111111 1011. 1713 11111111 111 noch: 8111111111 111 111 111111111Ιί 1111,
1111 51111111 111 11111311 311111111111111-1111111 1111 1711 11111111 613. 111111 11111111, 11-
11111 111 1111111111, werden 111111111ιί311 111 11111111 gangen. 11111111 111111 111111111-
(1111111111 11111111 1111111111 11111111. 11 1111111311 (11111 1111 1111111111 1111111 11111111
1113111111, 1111111111 1111111111 1107 1111111111 111 1189 11111111 1111 111111 6111111111
111111 1111111” 11 11111 1111111111 113, 1111111111 11· 11111111 11 1111 1111111111 M 1311. 11.
1111111111111311 111111, 1613 131, 111111 11 1111111111 11111 111111111111011111611. 61. 111
1111111 1111 111 111111111111, aller Gewohnheit 11111, 1111111 11111 1111111 11111111111111111
6111111111 1111 11111. 81. 111 11111111111111 111111 111 1111111 mimmius 11111111.
1111111111 spate: 1111111 viel 11111111 81111111 11 111-1111111 1111111111, wie 1715111111
1717161113, 1111111111111111111 111 11111111 111111118111111. 1111111111 1111111 111-11111111
11 11111111 1111 11111 Postea vor: 1111 11111 6111111111 111 1111111 willon, 611 1111111111111111 1111
11111 1111111111, 1111 1111113111 111111111111.

11111111111111111111 11 1111111111111 11111111111111111 11111 1831. 11111 111 1111 1111111-
quest von dieser 11111111 111 ihre Gasterei, 1111 alter 111111 - f 6 11. 8 1. 11 111 1111111 111
111 grosse 11111111 ihre 6111111, 111 11111111 611. 81, 1111011111111311111., 1111 (11111111
8111111111 111, 161111111111111111111111, 1811131181114111 111 11331181. 111111 111111
11111111111111111 11111 113111111111 zu 1 16811. 8. 1111111111 Postea 111111 16111 11 111
0111111111, 11111131111111111111 11 111 11111111 111 111 11111111. 1111111111 111 1111111Ιί11 111
111111111111111111811111111111, 1111111111 111 81111111 11111111 1111111111. Die 1111311111

¹) 81111111 1111111 1. 311 (1111111 111. 111. w 111 1. 11. 1111111 111 111. 1.

 

