inn lehre 1666. · Ι 81

,46166 666 116111. 1613111111 6116 nl. 1. 36) 111161111616166111, 1111111. 37) Alete (111611)
Helle, ensle. 111666 116116611111116 61166166 116 1111 16 61. Alhens¹ erheuet 6616, 111116116111116111 ,
111111466 116147616111611116611111161111666 gehhlge 11666 111666. 38) 661611666191611111.
Hermann 6113161161 16 1111611113, 11116116 61. Pelei 1496, 661616 6616611161111111 1166611644.
1661111) 16161666366111161 11166 666 6111611116 (6111611) 1611111611 661 1111 11666116.
66116111666131111 1111111611116111111311111116111 zn Cdln in 1111161116 1616-1636 1613111116 6116
1111116167. 41) 1111111· 61611161. 1116611111161116666166 Wellen Bischnp, welchen, wie
dle 11111111 6116611 111161161,16 116 6161161116 161 copenhagen 616 1661111166 611111 1111111 661
616 3161116 61116 6166161116 nehm. 43) Hermen 6611116166. 11616666 6111116611, 6113616116111
11161116161161611161641-1667, 43) 1161666161. 44) 11666 1616166. 1111 161116 1161311661166
Whenenhdnsen nebsl 1111 1666616 16111 11616116 616611 6611 16 16116 1648. 46)11666 11111161
zweilcs Weenenhens. 611111616, 46116164. 46) 111116111111611, 661661611611616161616611,
11616611161661611616161111161)3661166. 11131. 6116 1636661117. 47) 1161116 11111611 11666111.
61111 nese. 48) 11111 schusen. 61116 1619. 49) Peter 1166116 hammer. 6161116311.
66) 6111111161666166611. 6111111619. 61-63) 11666 Studien. 61111166. 666111
(166111) 16611111. 61116 No. 9, 661 Hermen 6611111111. 61116167 116163. 64) 11611111111111
llemnnen, 61161111161116116. 61111666. 66) 6113161611111111116616111161168111111161
1616161161. 11111 16 dieser 11611 6161 161 1116111-6661 lloller's suchen. 66) Hannon 611111. 611116
Nn. ’7 und 63. 67)11111161’61161166661. siene Nn. ll. 68116169) 11111116111111
(6161661666). 61616 16. 34, 661 61616 61166111 116611. 66-66) Olane 1111111111, delean
6166161111, Hane Reeendcrf und 699111666616161, 1661166166161611-66111 ιΙ61 zwei whence-⁹
heusen helle Conrnd 61111611 16 6611111163 111 116 1116116 11616 166 fc. len folgenden 16116
helle sein 1611161361 1. 16661116 elles dieses 1111 1161666663. 11111 finden wic 6166 lloller's 116. 2.
16 Clens 1116661 61116166 wie den 161116166 11111166113116116161 6111 descen gleichhenennlen
1611166166.

1111611163 1111161116, welchen Slnilholz 6111 elwa 11366 gebracht 16111, wurde 116111 611616
1611161361 66 ἰ 66 6111161. 1161 1111 schlcchle Znslend 1616111111 16116 6161 gelinge 6111631-
111131111 1111 16131. [1161111111 6666611116111, wie 161661 1111 1161311611661111 16166311, 166
6111616 66161161, wie 1166661111 1663 161 66116111 1111111611 3131611161, welches 166611 116
16111311611111 66161 31611616 Bedingnngen nen 6111616616 sich 61161. 1641 werden 116 grosse

116111 116616111161116, welche zur descile 61116131161116, 66 616 16111616, 116 661611166611 ·

16 1116116 116 6161116111 6611116116166111111111661, 1613111611. 1661 161 6111616111- ’

111 1161611616 1161611116 - 611 161 116611 1611163116 1616611131 1166161616. 1111 1111161161
111 zwei 11111111 16 111 llellcws hene 16 lehre 1647 161 1616111 6166 116111 1111. C. 16. 4 und 6
3116111. 16611 6111111 111 1161111116666 Wingrove 13461) 1111 1111 166 Gcnnd ens nen 61166611
11111611.

· llic llielhen den 1116111111616 Locnlc waren 16 116 1611166 161111116116 161 1663161116
Beande 11613 6611 11161611, 16 weil 116 16616 sle 11116666 lensech, 1611 euch 11111 661 1111111111

ι 1111611663 1. ll

 

