111-1111. 111

LV. 1111 fessum 11 barbarossae.

1111 1111111111111111 sp 111 11111111 1111 1111111 11111 3111111111 by 111 11111111 111
3111111 1111111, 1111111111 11111 11111131 1111111111111111111111 11111 1111111 1111111,
111311111111111111, 111 11111 1111111 111131111111 11) sinen 1111111 vp 111 1111111, 11 11 sy hy
111111 111 11111111, sp 11 1111 111 XX 1111111111 1111111311, 1111 mede 1111113111 11 1111111
31111111) (11) 1111111 31111111 was, 111 junge 111111111111111 1111 1111111 111111 11 1111
1111111111 quat geraehte 111111 11111111 1111111, 3111111 111 11111311 1) und 111111 11111111, 111
11 111111 111 11111111 111 111 111111 111 3111 1111111111 vnde 111111 11 111111 vp dem 1111
111111 111 1111111113) 11111111, 11111111 3111111111 1111111111111111, 1111111113111111111
11111 11111 words 3111 1111111114)1111111111111) 1111 11111 11111.

LVI. 1111111111111111111111. -

1. 1111 111 111111111ο 111 11311111 1111111311 111 11111111111131111111111 by 111 11-
1111111113111111 11111111 111111111111111 11111 1111111111 111 11 111111 1113111111, 111
11 111111111111131111111, 111 11111 11 11113311 also in 11111111 3111111111111. 1111111111 so
is ok 11 31111111111 1111 111111) willon, 11 111111 31111111 syn 111 11111111111111111, 111111
11111 111 1111111311 11111 111 311111, wan 111 11111 1111111 wil, sunder 11 111111111111111111
1111 111111 11. 111111 111 1111111111111111131111 11111111, dat 1111111 11 111 11111111 111
111, 1131111111 1111, 111 111111 111 311111 111111 11111.

2. Wor 111 111111 1111 11111. 111111111111131111311,111111111111,1111111111
111111 tegens des koepmans ordynsncie, is 1111111, 11111 11111 1111 111. 111311, so 11111111 11311
11 11 hussen, 111 11111111 111. 1111111111111 111311, 1111) 11111 1111111111 hebben.

3. 11111111111111311111 11 1111111111. 1111 11 11 111 1111111111 1111111 1111111
11111111111113111111111111 111 111 111111 1111111111 1111111 1111 penes 111 11111 sunder
3111111 1111111 111 11111111111111. 111 111 1111 111 111111 1111111111 wolde 11311111111111,
11 schal 11111111 111 11111111 11111 111 111111, 111111 111111 1111111 11 11111 nicht
1111111111.

11111. Dat 11111 11 1111111111 1111 11111111.

l. 1111 1111131111111111, 111, 1111 1111111111, 111 11111 11111111 111 111 11111111
111111 1111 1111 11111111 111 11111111, 111 gesat is, 11111 11 11111111, 11 111 11111 111111 1111111
11111111 busson 111 111 mark 1111111. 1111111 1111 11111111 1111113111111 111 111311 111,
11 1111111111 11111111, 1111111 111111 11131111 11111 ede: 111 11111111 11111 1111111111-

111111111 111111111111111 1111111111111111111111111111111111111111111111111111111 ,

1111111111. 1111111111, 111 11111111 11111 11111131 11 111 11 1111111 1111, 11 11111
31111 11 11 hussen 1111 111. 11 11111 1111111111111111.

m

¹) 11111111,(1111111111. ²) 1111113111,1111111311,1111111111111111111. ³) 1111111111
11111111111111111111 ⁴) 7111111111,111111,1111111. ⁸) 8111111111,11111111113. ⁰) ΜΨ,
111111, 811111. ⁷) 1111111. m.

1111111113 11. 16

 

